# Focus	Count
-17.003	8300
-16.903	8090
-16.803	8640
-16.703	8390
-16.603	8110
-16.503	8270
-16.403	8270
-16.303	8610
-16.203	8330
-16.103	8760
-16.003	8420
-15.903	8580
-15.803	7960
-15.703	8340
-15.603	8360
-15.503	8550
-15.403	8260
-15.303	8530
-15.203	8450
-15.103	8580
-15.003	8290
-14.903	8300
-14.803	7990
-14.703	8430
-14.603	8080
-14.503	8120
-14.403	8680
-14.303	7340
-14.203	8310
-14.103	8110
-14.003	8390
-13.903	8010
-13.803	8170
-13.703	8670
-13.603	8720
-13.503	8450
-13.403	8390
-13.303	8370
-13.203	8460
-13.103	8510
-13.003	8150
-12.903	8370
-12.803	8170
-12.703	8830
-12.603	8850
-12.503	8330
-12.403	8670
-12.303	7500
-12.203	8310
-12.103	8310
-12.003	8010
-11.903	8740
-11.803	8340
-11.703	8660
-11.603	8300
-11.503	8010
-11.403	8410
-11.303	8760
-11.203	8370
-11.103	8200
-11.003	8920
-10.903	8230
-10.803	8000
-10.703	7900
-10.603	8180
-10.503	8380
-10.403	8430
-10.303	7730
-10.203	8470
-10.103	8700
-10.003	8820
-9.903	8660
-9.803	8570
-9.703	8720
-9.603	8910
-9.503	8980
-9.403	8270
-9.303	8830
-9.203	7730
-9.103	8740
-9.003	8310
-8.903	8570
-8.803	8380
-8.703	8740
-8.603	8580
-8.503	8900
-8.403	8710
-8.303	8140
-8.203	8830
-8.103	8790
-8.003	8940
-7.903	8460
-7.803	8590
-7.703	8610
-7.603	8230
-7.503	8850
-7.403	8450
-7.303	8740
-7.203	8310
-7.103	8510
-7.003	8590
-6.903	8420
-6.803	8480
-6.703	8710
-6.603	8710
-6.503	8710
-6.403	9370
-6.303	9390
-6.203	8910
-6.103	8690
-6.003	9060
-5.903	8450
-5.803	8600
-5.703	8830
-5.603	8370
-5.503	8550
-5.403	8640
-5.303	9110
-5.203	8640
-5.103	8530
-5.003	9510
-4.903	8460
-4.803	8850
-4.703	8780
-4.603	8630
-4.503	8830
-4.403	9360
-4.303	8900
-4.203	8790
-4.103	8350
-4.003	9130
-3.903	8230
-3.803	8830
-3.703	9350
-3.603	9420
-3.503	9130
-3.403	8730
-3.303	8960
-3.203	8930
-3.103	9480
-3.003	8940
-2.903	9050
-2.803	9190
-2.703	8860
-2.603	9010
-2.503	8720
-2.403	9370
-2.303	9310
-2.203	8340
-2.103	8600
-2.003	8790
-1.903	8870
-1.803	9000
-1.703	8470
-1.603	9210
-1.503	8720
-1.403	8500
-1.303	8930
-1.203	9300
-1.103	9190
-1.003	9560
-0.903	8510
-0.803	9020
-0.703	9660
-0.603	9010
-0.503	9360
-0.403	8600
-0.303	9250
-0.203	9640
-0.103	9800
-0.003	8660
0.097	9540
0.197	8930
0.297	9340
0.397	9390
0.497	8970
0.597	9680
0.697	9210
0.797	9730
0.897	8690
0.997	9170
1.097	9110
1.197	9560
1.297	9250
1.397	9400
1.497	9540
1.597	9850
1.697	9530
1.797	9440
1.897	9480
1.997	9910
2.097	9580
2.197	9100
2.297	9610
2.397	10650
2.497	10040
2.597	9680
2.697	10340
2.797	9850
2.897	9780
2.997	9580
3.097	9820
3.197	9900
3.297	10460
3.397	10080
3.497	10170
3.597	9790
3.697	10500
3.797	10140
3.897	10230
3.997	10000
4.097	10550
4.197	10290
4.297	10090
4.397	10700
4.497	9760
4.597	10250
4.697	10310
4.797	10010
4.897	10210
4.997	10020
5.097	10330
5.197	10550
5.297	9730
5.397	9960
5.497	10950
5.597	10440
5.697	10430
5.797	11180
5.897	11470
5.997	10490
6.097	10920
6.197	10740
6.297	11440
6.397	10860
6.497	11070
6.597	10930
6.697	10670
6.797	11420
6.897	10830
6.997	11140
7.097	11560
7.197	10730
7.297	11060
7.397	10640
7.497	11420
7.597	10910
7.697	10710
7.797	11220
7.897	11320
7.997	11050
8.097	11050
8.197	11170
8.297	11400
8.397	11030
8.497	10730
8.597	11390
8.697	10690
8.797	10680
8.897	11810
8.997	11390
9.097	11280
9.197	10950
9.297	11780
9.397	11040
9.497	11270
9.597	10550
9.697	11410
9.797	11530
9.897	11290
9.997	11080
10.097	11120
10.197	11250
10.297	11170
10.397	10970
10.497	10720
10.597	10890
10.697	11600
10.797	11010
10.897	10870
10.997	10210
11.097	10280
11.197	10180
11.297	10350
11.397	9900
11.497	10390
11.597	10100
11.697	9790
11.797	10070
11.897	10420
11.997	9620
12.097	9490
12.197	9090
12.297	9420
12.397	8780
12.497	8930
12.597	8730
12.697	8330
12.797	8480
12.897	8440
12.997	7450
13.097	7460
13.197	7830
13.297	7960
13.397	7770
13.497	7390
13.597	7570
13.697	8040
13.797	7220
13.897	7340
13.997	7370
14.097	7270
14.197	7090
14.297	6990
14.397	6490
14.497	6460
14.597	6350
14.697	6570
14.797	6450
14.897	6400
14.997	6440
15.097	6210
15.197	5590
15.297	6130
15.397	5660
15.497	5970
15.597	5470
15.697	5990
15.797	5940
15.897	5730
15.997	5670
16.097	5150
16.197	5430
16.297	5350
16.397	5440
16.497	4830
16.597	4970
16.697	5210
16.797	4830
16.897	5400
16.997	4910
17.097	5280
17.197	5080
17.297	4540
17.397	4690
17.497	4610
17.597	4100
17.697	4570
17.797	4610
17.897	5230
17.997	4460
18.097	4500
18.197	4080
18.297	4570
18.397	5080
18.497	4490
18.597	4080
18.697	4200
18.797	4270
18.897	3970
18.997	4410
19.097	4100
19.197	4540
19.297	4310
19.397	4320
19.497	4090
19.597	4480
19.697	4240
19.797	3920
19.897	3940
19.997	4030
20.097	4130
20.197	3800
20.297	4130
20.397	4180
20.497	4180
20.597	3680
20.697	3890
20.797	4580
20.897	4140
20.997	3970
21.097	4170
21.197	3620
21.297	3870
21.397	3940
21.497	3780
21.597	3770
21.697	3740
21.797	4040
21.897	3390
21.997	3760
22.097	3550
22.197	3800
22.297	3940
22.397	3300
22.497	3320
22.597	3500
22.697	3490
22.797	3640
22.897	3430
22.997	3420
23.097	3520
23.197	3390
23.297	3830
23.397	3620
23.497	3350
23.597	3260
23.697	3430
23.797	3370
23.897	2960
23.997	3190
24.097	3350
24.197	3510
24.297	3460
24.397	3500
24.497	3120
24.597	3060
24.697	3870
24.797	3420
24.897	3420
24.997	3360
25.097	3380
25.197	3480
25.297	3430
25.397	3430
25.497	3360
25.597	3390
25.697	3470
25.797	3590
25.897	3480
25.997	3620
26.097	3640
26.197	3640
26.297	3290
26.397	3410
26.497	3320
26.597	3460
26.697	3440
26.797	3840
26.897	3790
26.997	3630
27.097	3700
27.197	4010
27.297	3610
27.397	3520
27.497	3320
27.597	3960
27.697	3780
27.797	3990
27.897	3860
27.997	3980
28.097	3540
28.197	3720
28.297	3990
28.397	3830
28.497	3710
28.597	3850
28.697	3860
28.797	3790
28.897	3780
28.997	4380
29.097	4480
29.197	3930
29.297	3890
29.397	3880
29.497	3910
29.597	4430
29.697	4020
29.797	3930
29.897	4250
29.997	4120
30.097	3730
30.197	4120
30.297	4030
30.397	4130
30.497	4060
30.597	4140
30.697	4450
30.797	4180
30.897	3790
30.997	4420
31.097	4140
31.197	3950
31.297	4460
31.397	4040
31.497	4170
31.597	4550
31.697	4300
31.797	4290
31.897	4070
31.997	4860
32.097	4000
32.197	4680
32.297	4500
32.397	4030
32.497	4420
32.597	4230
32.697	4130
32.797	4050
32.897	3890
32.997	4320
33.097	4330
33.197	3990
33.297	4230
33.397	4370
33.497	4470
33.597	4390
33.697	4320
33.797	4030
33.897	3900
33.997	4570
34.097	4250
34.197	4500
34.297	4530
34.397	4250
34.497	4040
34.597	4230
34.697	3980
34.797	4440
34.897	3850
34.997	4310
35.097	3990
35.197	4520
35.297	4390
35.397	4350
35.497	4460
35.597	4310
35.697	4660
35.797	3950
35.897	4310
35.997	4380
36.097	4360
36.197	4240
36.297	3940
36.397	4540
36.497	4640
36.597	4500
36.697	4090
36.797	4410
36.897	4130
36.997	4520
37.097	4410
37.197	3980
37.297	4320
37.397	4340
37.497	4250
37.597	4420
37.697	4110
37.797	4240
37.897	4080
37.997	4510
38.097	4160
38.197	4030
38.297	4130
38.397	4150
38.497	3990
38.597	4280
38.697	4040
38.797	4070
38.897	4230
38.997	4420
39.097	4300
39.197	3920
39.297	4140
39.397	4600
39.497	4190
39.597	4180
39.697	4090
39.797	4280
39.897	4100
39.997	4110
40.097	4030
40.197	4350
40.297	3940
40.397	3770
40.497	4450
40.597	4280
40.697	3710
40.797	4640
40.897	4170
40.997	4080
41.097	4560
41.197	4310
41.297	4050
41.397	4390
41.497	4420
41.597	3980
41.697	4060
41.797	3990
41.897	4020
41.997	4040
42.097	3940
42.197	4180
42.297	4130
42.397	4240
42.497	4180
42.597	4330
42.697	4140
42.797	4120
42.897	3900
42.997	4530
