# PL Mapping - 2025_07_24_10_39_58
# x_req	y_req	x_act	y_act	count1	count2	total
-16.604	1.803	-16.602	1.807	2620	1960	4580
-16.604	1.903	-16.606	1.903	2390	2130	4520
-16.604	2.003	-16.606	2.009	2390	2170	4560
-16.604	2.103	-16.602	2.101	2360	2210	4570
-16.604	2.203	-16.604	2.205	2380	1970	4350
-16.604	2.303	-16.602	2.305	2440	2050	4490
-16.604	2.403	-16.606	2.401	2340	1880	4220
-16.604	2.503	-16.600	2.504	1980	1650	3630
-16.604	2.603	-16.601	2.602	2190	2100	4290
-16.604	2.703	-16.601	2.703	1980	2080	4060
-16.604	2.803	-16.598	2.802	1990	2100	4090
-16.604	2.903	-16.600	2.903	2240	1970	4210
-16.604	3.003	-16.605	3.006	2100	2230	4330
-16.604	3.103	-16.602	3.104	2000	1900	3900
-16.604	3.203	-16.600	3.204	2070	1970	4040
-16.604	3.303	-16.601	3.301	1940	1660	3600
-16.604	3.403	-16.607	3.401	1870	1750	3620
-16.604	3.503	-16.605	3.498	2190	1830	4020
-16.604	3.603	-16.603	3.602	1910	1900	3810
-16.604	3.703	-16.606	3.707	2050	2100	4150
-16.604	3.803	-16.602	3.802	1750	1970	3720
-16.604	3.903	-16.601	3.907	2100	1860	3960
-16.604	4.003	-16.603	4.004	2060	1950	4010
-16.604	4.103	-16.599	4.106	2090	1770	3860
-16.604	4.203	-16.603	4.200	2060	1850	3910
-16.604	4.303	-16.606	4.303	1760	1940	3700
-16.604	4.403	-16.608	4.408	1950	1680	3630
-16.604	4.503	-16.605	4.502	1900	1690	3590
-16.604	4.603	-16.602	4.607	1980	1850	3830
-16.604	4.703	-16.600	4.706	1960	1760	3720
-16.604	4.803	-16.603	4.804	2080	1850	3930
-16.604	4.903	-16.604	4.903	1870	1570	3440
-16.604	5.003	-16.603	4.999	2320	1620	3940
-16.604	5.103	-16.605	5.102	1820	1720	3540
-16.604	5.203	-16.605	5.203	1940	1930	3870
-16.604	5.303	-16.600	5.300	1930	2010	3940
-16.604	5.403	-16.606	5.406	1960	1930	3890
-16.604	5.503	-16.600	5.509	1900	1810	3710
-16.604	5.603	-16.605	5.596	1940	1600	3540
-16.604	5.703	-16.605	5.702	2420	1710	4130
-16.604	5.803	-16.607	5.807	2200	1700	3900
-16.504	1.803	-16.500	1.804	2590	2590	5180
-16.504	1.903	-16.502	1.903	2330	1940	4270
-16.504	2.003	-16.504	2.003	2320	2340	4660
-16.504	2.103	-16.503	2.107	2740	2160	4900
-16.504	2.203	-16.504	2.207	2220	2190	4410
-16.504	2.303	-16.499	2.299	2370	2210	4580
-16.504	2.403	-16.503	2.404	2330	1660	3990
-16.504	2.503	-16.502	2.505	2330	1810	4140
-16.504	2.603	-16.502	2.603	2030	1910	3940
-16.504	2.703	-16.501	2.707	1990	1760	3750
-16.504	2.803	-16.502	2.811	2130	2000	4130
-16.504	2.903	-16.505	2.902	1940	1760	3700
-16.504	3.003	-16.502	3.001	2120	1730	3850
-16.504	3.103	-16.499	3.104	2160	1760	3920
-16.504	3.203	-16.505	3.203	2090	1760	3850
-16.504	3.303	-16.503	3.307	1930	1860	3790
-16.504	3.403	-16.507	3.402	2050	2110	4160
-16.504	3.503	-16.501	3.503	2420	1810	4230
-16.504	3.603	-16.504	3.604	1790	1740	3530
-16.504	3.703	-16.504	3.700	2060	1850	3910
-16.504	3.803	-16.504	3.802	2040	1860	3900
-16.504	3.903	-16.504	3.900	2040	1560	3600
-16.504	4.003	-16.505	4.004	1720	1610	3330
-16.504	4.103	-16.501	4.107	2160	2070	4230
-16.504	4.203	-16.498	4.205	2100	1960	4060
-16.504	4.303	-16.503	4.305	1910	1800	3710
-16.504	4.403	-16.502	4.403	2130	1960	4090
-16.504	4.503	-16.501	4.504	1930	1740	3670
-16.504	4.603	-16.504	4.600	1710	1750	3460
-16.504	4.703	-16.502	4.701	1970	1560	3530
-16.504	4.803	-16.502	4.802	1650	1660	3310
-16.504	4.903	-16.505	4.903	1890	1520	3410
-16.504	5.003	-16.506	5.005	1950	1700	3650
-16.504	5.103	-16.505	5.103	2070	1710	3780
-16.504	5.203	-16.502	5.205	1730	1880	3610
-16.504	5.303	-16.506	5.302	1870	1500	3370
-16.504	5.403	-16.502	5.408	1750	1910	3660
-16.504	5.503	-16.500	5.505	1970	1850	3820
-16.504	5.603	-16.501	5.608	2040	1840	3880
-16.504	5.703	-16.502	5.709	1960	1720	3680
-16.504	5.803	-16.501	5.803	2000	1600	3600
-16.404	1.803	-16.397	1.797	2840	2290	5130
-16.404	1.903	-16.403	1.901	2790	2250	5040
-16.404	2.003	-16.401	1.999	2320	2070	4390
-16.404	2.103	-16.404	2.103	2230	2010	4240
-16.404	2.203	-16.401	2.198	2340	2060	4400
-16.404	2.303	-16.407	2.302	2150	2180	4330
-16.404	2.403	-16.402	2.408	2230	1790	4020
-16.404	2.503	-16.399	2.503	1980	1700	3680
-16.404	2.603	-16.405	2.603	2120	1990	4110
-16.404	2.703	-16.407	2.704	2010	1700	3710
-16.404	2.803	-16.404	2.800	2180	1970	4150
-16.404	2.903	-16.401	2.904	2020	1850	3870
-16.404	3.003	-16.399	3.006	1920	1960	3880
-16.404	3.103	-16.402	3.101	2300	2020	4320
-16.404	3.203	-16.402	3.204	2110	1860	3970
-16.404	3.303	-16.401	3.303	2290	1920	4210
-16.404	3.403	-16.402	3.407	1830	1760	3590
-16.404	3.503	-16.405	3.504	2140	1920	4060
-16.404	3.603	-16.402	3.602	2160	1930	4090
-16.404	3.703	-16.402	3.702	1960	1730	3690
-16.404	3.803	-16.404	3.802	2000	1970	3970
-16.404	3.903	-16.398	3.904	2110	1780	3890
-16.404	4.003	-16.398	4.006	2050	1900	3950
-16.404	4.103	-16.402	4.104	2090	1790	3880
-16.404	4.203	-16.404	4.203	1570	1610	3180
-16.404	4.303	-16.407	4.296	2180	1830	4010
-16.404	4.403	-16.399	4.405	1810	1650	3460
-16.404	4.503	-16.405	4.502	1980	1860	3840
-16.404	4.603	-16.402	4.604	1680	1520	3200
-16.404	4.703	-16.402	4.700	1780	2010	3790
-16.404	4.803	-16.404	4.804	1800	1320	3120
-16.404	4.903	-16.404	4.904	1710	1660	3370
-16.404	5.003	-16.403	5.006	1890	1600	3490
-16.404	5.103	-16.400	5.103	1910	1630	3540
-16.404	5.203	-16.398	5.205	1830	2110	3940
-16.404	5.303	-16.405	5.303	1740	1780	3520
-16.404	5.403	-16.404	5.406	1820	1590	3410
-16.404	5.503	-16.401	5.499	2020	1610	3630
-16.404	5.603	-16.404	5.605	1790	1600	3390
-16.404	5.703	-16.405	5.701	1830	2030	3860
-16.404	5.803	-16.401	5.804	1830	1710	3540
-16.304	1.803	-16.300	1.809	2560	2860	5420
-16.304	1.903	-16.302	1.905	2140	2140	4280
-16.304	2.003	-16.301	2.001	2270	2000	4270
-16.304	2.103	-16.306	2.099	2250	1630	3880
-16.304	2.203	-16.305	2.205	2270	2000	4270
-16.304	2.303	-16.303	2.308	1970	1960	3930
-16.304	2.403	-16.306	2.404	2340	1870	4210
-16.304	2.503	-16.302	2.501	1820	1900	3720
-16.304	2.603	-16.302	2.605	2000	1730	3730
-16.304	2.703	-16.304	2.707	1880	1960	3840
-16.304	2.803	-16.302	2.805	1950	1600	3550
-16.304	2.903	-16.300	2.903	1990	1920	3910
-16.304	3.003	-16.301	3.006	2070	1870	3940
-16.304	3.103	-16.300	3.107	1810	1760	3570
-16.304	3.203	-16.303	3.201	1760	1840	3600
-16.304	3.303	-16.304	3.306	1910	1800	3710
-16.304	3.403	-16.304	3.404	1870	2020	3890
-16.304	3.503	-16.304	3.500	2080	1740	3820
-16.304	3.603	-16.305	3.601	1890	1630	3520
-16.304	3.703	-16.301	3.703	2090	1700	3790
-16.304	3.803	-16.305	3.805	1910	1670	3580
-16.304	3.903	-16.303	3.898	2020	1880	3900
-16.304	4.003	-16.303	4.007	1700	1790	3490
-16.304	4.103	-16.301	4.099	1880	1770	3650
-16.304	4.203	-16.305	4.204	1820	1910	3730
-16.304	4.303	-16.300	4.302	2010	1980	3990
-16.304	4.403	-16.303	4.399	1830	1740	3570
-16.304	4.503	-16.306	4.506	2130	1720	3850
-16.304	4.603	-16.307	4.599	1790	2020	3810
-16.304	4.703	-16.304	4.698	1770	1640	3410
-16.304	4.803	-16.303	4.804	1850	1800	3650
-16.304	4.903	-16.299	4.907	1840	1610	3450
-16.304	5.003	-16.301	5.007	2010	1680	3690
-16.304	5.103	-16.296	5.100	2050	1810	3860
-16.304	5.203	-16.302	5.202	2110	1750	3860
-16.304	5.303	-16.299	5.302	1650	1660	3310
-16.304	5.403	-16.302	5.405	2030	1470	3500
-16.304	5.503	-16.300	5.504	2190	1940	4130
-16.304	5.603	-16.305	5.601	1800	1540	3340
-16.304	5.703	-16.307	5.701	1870	1610	3480
-16.304	5.803	-16.302	5.804	2000	1670	3670
-16.204	1.803	-16.202	1.800	2250	2040	4290
-16.204	1.903	-16.202	1.901	2040	2240	4280
-16.204	2.003	-16.202	2.002	2190	1810	4000
-16.204	2.103	-16.201	2.103	2060	2010	4070
-16.204	2.203	-16.203	2.208	2220	1560	3780
-16.204	2.303	-16.205	2.304	2160	1740	3900
-16.204	2.403	-16.202	2.403	1930	2080	4010
-16.204	2.503	-16.201	2.505	2210	1840	4050
-16.204	2.603	-16.203	2.603	1960	1860	3820
-16.204	2.703	-16.207	2.707	2040	1990	4030
-16.204	2.803	-16.207	2.806	2110	1850	3960
-16.204	2.903	-16.203	2.900	2000	1790	3790
-16.204	3.003	-16.203	3.001	1900	1820	3720
-16.204	3.103	-16.200	3.100	1850	1680	3530
-16.204	3.203	-16.204	3.201	2230	1800	4030
-16.204	3.303	-16.205	3.309	2100	1820	3920
-16.204	3.403	-16.204	3.405	2250	1830	4080
-16.204	3.503	-16.199	3.495	2040	1840	3880
-16.204	3.603	-16.205	3.604	2320	1730	4050
-16.204	3.703	-16.200	3.699	2230	1730	3960
-16.204	3.803	-16.208	3.805	2120	1900	4020
-16.204	3.903	-16.201	3.902	2090	1960	4050
-16.204	4.003	-16.203	3.999	1910	1810	3720
-16.204	4.103	-16.204	4.099	2150	1750	3900
-16.204	4.203	-16.203	4.204	1950	1710	3660
-16.204	4.303	-16.203	4.305	1930	1630	3560
-16.204	4.403	-16.201	4.405	1990	1740	3730
-16.204	4.503	-16.203	4.499	2060	1810	3870
-16.204	4.603	-16.203	4.606	1920	1620	3540
-16.204	4.703	-16.207	4.703	1850	1420	3270
-16.204	4.803	-16.205	4.804	1950	1680	3630
-16.204	4.903	-16.202	4.903	1740	1600	3340
-16.204	5.003	-16.203	5.004	1520	1790	3310
-16.204	5.103	-16.202	5.109	1760	1530	3290
-16.204	5.203	-16.203	5.202	1960	1710	3670
-16.204	5.303	-16.208	5.305	1880	1860	3740
-16.204	5.403	-16.206	5.405	1760	1550	3310
-16.204	5.503	-16.201	5.504	1980	1620	3600
-16.204	5.603	-16.204	5.601	1650	1740	3390
-16.204	5.703	-16.202	5.705	2030	1860	3890
-16.204	5.803	-16.202	5.801	1930	1860	3790
-16.104	1.803	-16.104	1.800	2590	2220	4810
-16.104	1.903	-16.100	1.898	2120	2370	4490
-16.104	2.003	-16.102	2.005	2170	2050	4220
-16.104	2.103	-16.101	2.107	2440	1980	4420
-16.104	2.203	-16.107	2.202	2460	1860	4320
-16.104	2.303	-16.103	2.307	2150	2030	4180
-16.104	2.403	-16.099	2.404	2430	1800	4230
-16.104	2.503	-16.101	2.502	2040	2190	4230
-16.104	2.603	-16.103	2.607	2030	1650	3680
-16.104	2.703	-16.104	2.704	1990	1910	3900
-16.104	2.803	-16.101	2.805	1980	1720	3700
-16.104	2.903	-16.102	2.904	2020	1810	3830
-16.104	3.003	-16.104	2.998	1810	1820	3630
-16.104	3.103	-16.105	3.100	1890	1870	3760
-16.104	3.203	-16.102	3.203	1860	1890	3750
-16.104	3.303	-16.104	3.302	2350	1770	4120
-16.104	3.403	-16.103	3.404	1850	1800	3650
-16.104	3.503	-16.103	3.502	2020	1690	3710
-16.104	3.603	-16.097	3.602	2060	1880	3940
-16.104	3.703	-16.107	3.707	2110	1910	4020
-16.104	3.803	-16.104	3.804	2250	1710	3960
-16.104	3.903	-16.104	3.902	2080	2020	4100
-16.104	4.003	-16.102	4.003	1940	1680	3620
-16.104	4.103	-16.102	4.108	2010	2200	4210
-16.104	4.203	-16.103	4.202	1830	1950	3780
-16.104	4.303	-16.101	4.301	2030	1650	3680
-16.104	4.403	-16.103	4.405	2020	1940	3960
-16.104	4.503	-16.106	4.503	1950	1750	3700
-16.104	4.603	-16.103	4.602	1870	1820	3690
-16.104	4.703	-16.102	4.703	1710	1830	3540
-16.104	4.803	-16.104	4.805	1930	1600	3530
-16.104	4.903	-16.101	4.903	1900	1670	3570
-16.104	5.003	-16.099	5.004	1480	1510	2990
-16.104	5.103	-16.104	5.107	1840	1940	3780
-16.104	5.203	-16.103	5.200	1940	1620	3560
-16.104	5.303	-16.104	5.306	1890	1780	3670
-16.104	5.403	-16.101	5.403	1980	1750	3730
-16.104	5.503	-16.102	5.502	2010	1770	3780
-16.104	5.603	-16.102	5.602	1850	1830	3680
-16.104	5.703	-16.100	5.704	1690	1460	3150
-16.104	5.803	-16.105	5.803	1940	1510	3450
-16.004	1.803	-15.998	1.803	2520	2250	4770
-16.004	1.903	-16.005	1.905	2190	2440	4630
-16.004	2.003	-16.001	2.003	2250	2420	4670
-16.004	2.103	-16.003	2.103	2230	1930	4160
-16.004	2.203	-16.004	2.201	2310	2130	4440
-16.004	2.303	-16.007	2.302	2350	2130	4480
-16.004	2.403	-16.004	2.400	2460	2010	4470
-16.004	2.503	-16.006	2.503	2160	1930	4090
-16.004	2.603	-16.003	2.602	2140	1920	4060
-16.004	2.703	-16.003	2.704	1900	2100	4000
-16.004	2.803	-16.002	2.803	1970	1870	3840
-16.004	2.903	-16.005	2.906	2010	1760	3770
-16.004	3.003	-16.007	3.006	1780	1940	3720
-16.004	3.103	-16.002	3.105	2050	1540	3590
-16.004	3.203	-16.002	3.207	1800	1870	3670
-16.004	3.303	-15.999	3.304	2300	1920	4220
-16.004	3.403	-16.005	3.402	2190	1880	4070
-16.004	3.503	-16.002	3.502	2000	1590	3590
-16.004	3.603	-16.004	3.598	1870	1960	3830
-16.004	3.703	-16.003	3.707	2000	1920	3920
-16.004	3.803	-16.004	3.798	2100	2050	4150
-16.004	3.903	-16.001	3.904	1820	2010	3830
-16.004	4.003	-15.998	4.001	1930	1920	3850
-16.004	4.103	-16.000	4.103	2100	1840	3940
-16.004	4.203	-16.002	4.205	2070	1680	3750
-16.004	4.303	-16.002	4.301	1920	1700	3620
-16.004	4.403	-16.003	4.403	2030	2050	4080
-16.004	4.503	-16.001	4.501	1710	1810	3520
-16.004	4.603	-16.004	4.601	2090	1900	3990
-16.004	4.703	-16.005	4.704	1890	1950	3840
-16.004	4.803	-16.004	4.798	1680	1730	3410
-16.004	4.903	-16.005	4.902	1880	1380	3260
-16.004	5.003	-15.999	5.002	1810	1700	3510
-16.004	5.103	-16.008	5.103	1560	1770	3330
-16.004	5.203	-16.002	5.202	2040	1470	3510
-16.004	5.303	-16.001	5.305	1910	1620	3530
-16.004	5.403	-16.005	5.403	1950	1380	3330
-16.004	5.503	-16.004	5.509	1770	1420	3190
-16.004	5.603	-16.001	5.606	1590	1720	3310
-16.004	5.703	-16.005	5.703	2000	1700	3700
-16.004	5.803	-16.005	5.802	1640	1650	3290
-15.904	1.803	-15.904	1.804	2760	2210	4970
-15.904	1.903	-15.909	1.904	2460	2110	4570
-15.904	2.003	-15.902	2.003	2110	2050	4160
-15.904	2.103	-15.904	2.101	2260	2100	4360
-15.904	2.203	-15.903	2.201	1830	1910	3740
-15.904	2.303	-15.900	2.298	2170	2230	4400
-15.904	2.403	-15.903	2.401	2060	1760	3820
-15.904	2.503	-15.905	2.504	2110	1740	3850
-15.904	2.603	-15.906	2.600	2100	2010	4110
-15.904	2.703	-15.901	2.700	2130	1880	4010
-15.904	2.803	-15.904	2.801	2240	2090	4330
-15.904	2.903	-15.902	2.902	2090	1640	3730
-15.904	3.003	-15.900	3.008	2000	2020	4020
-15.904	3.103	-15.904	3.099	1920	1750	3670
-15.904	3.203	-15.903	3.203	2010	1890	3900
-15.904	3.303	-15.905	3.302	2030	1900	3930
-15.904	3.403	-15.901	3.398	1910	1990	3900
-15.904	3.503	-15.905	3.505	2010	2200	4210
-15.904	3.603	-15.902	3.599	2220	2010	4230
-15.904	3.703	-15.902	3.703	2390	2160	4550
-15.904	3.803	-15.903	3.804	1820	2040	3860
-15.904	3.903	-15.902	3.903	1850	1900	3750
-15.904	4.003	-15.903	4.002	2040	2130	4170
-15.904	4.103	-15.896	4.100	2110	1930	4040
-15.904	4.203	-15.907	4.202	1860	1990	3850
-15.904	4.303	-15.903	4.302	1840	2010	3850
-15.904	4.403	-15.901	4.405	1920	2010	3930
-15.904	4.503	-15.904	4.502	2190	1890	4080
-15.904	4.603	-15.903	4.601	1710	1850	3560
-15.904	4.703	-15.901	4.701	2120	1510	3630
-15.904	4.803	-15.903	4.800	1800	1550	3350
-15.904	4.903	-15.904	4.905	2030	1820	3850
-15.904	5.003	-15.902	5.000	1810	1720	3530
-15.904	5.103	-15.900	5.103	1880	1430	3310
-15.904	5.203	-15.903	5.198	2010	1450	3460
-15.904	5.303	-15.906	5.302	2080	1840	3920
-15.904	5.403	-15.900	5.399	1630	1680	3310
-15.904	5.503	-15.903	5.499	1970	1600	3570
-15.904	5.603	-15.903	5.604	1910	1530	3440
-15.904	5.703	-15.903	5.701	1710	1570	3280
-15.904	5.803	-15.905	5.802	2060	1500	3560
-15.804	1.803	-15.807	1.800	2470	2570	5040
-15.804	1.903	-15.806	1.898	2460	2420	4880
-15.804	2.003	-15.802	2.003	2200	1850	4050
-15.804	2.103	-15.802	2.105	2240	2090	4330
-15.804	2.203	-15.803	2.206	2190	2060	4250
-15.804	2.303	-15.806	2.302	2270	1960	4230
-15.804	2.403	-15.802	2.406	2220	2210	4430
-15.804	2.503	-15.806	2.506	2220	1900	4120
-15.804	2.603	-15.802	2.599	2290	1940	4230
-15.804	2.703	-15.803	2.704	2140	2110	4250
-15.804	2.803	-15.801	2.802	1980	2130	4110
-15.804	2.903	-15.806	2.904	2160	1850	4010
-15.804	3.003	-15.809	3.000	2090	2210	4300
-15.804	3.103	-15.803	3.104	2080	1990	4070
-15.804	3.203	-15.803	3.199	2240	1800	4040
-15.804	3.303	-15.803	3.301	2320	1860	4180
-15.804	3.403	-15.804	3.406	2180	1750	3930
-15.804	3.503	-15.805	3.503	1860	2180	4040
-15.804	3.603	-15.802	3.601	2260	2050	4310
-15.804	3.703	-15.804	3.707	2240	2090	4330
-15.804	3.803	-15.804	3.802	2040	2250	4290
-15.804	3.903	-15.805	3.898	2240	2140	4380
-15.804	4.003	-15.806	4.003	1970	2100	4070
-15.804	4.103	-15.805	4.097	2090	1880	3970
-15.804	4.203	-15.802	4.199	2030	1900	3930
-15.804	4.303	-15.803	4.296	2010	1790	3800
-15.804	4.403	-15.803	4.400	2100	2010	4110
-15.804	4.503	-15.803	4.504	2260	1760	4020
-15.804	4.603	-15.800	4.602	1960	1740	3700
-15.804	4.703	-15.801	4.703	1770	1640	3410
-15.804	4.803	-15.804	4.803	2210	1840	4050
-15.804	4.903	-15.806	4.902	1620	1710	3330
-15.804	5.003	-15.801	5.002	1920	1820	3740
-15.804	5.103	-15.804	5.105	1780	1630	3410
-15.804	5.203	-15.802	5.201	1730	1670	3400
-15.804	5.303	-15.803	5.299	1950	1560	3510
-15.804	5.403	-15.802	5.401	1890	1720	3610
-15.804	5.503	-15.802	5.506	1900	1670	3570
-15.804	5.603	-15.797	5.606	1670	1670	3340
-15.804	5.703	-15.802	5.699	1700	1430	3130
-15.804	5.803	-15.800	5.801	1810	1670	3480
-15.704	1.803	-15.703	1.797	2470	2290	4760
-15.704	1.903	-15.697	1.906	2290	2070	4360
-15.704	2.003	-15.701	2.000	2400	2050	4450
-15.704	2.103	-15.702	2.103	2240	2000	4240
-15.704	2.203	-15.702	2.203	2230	2030	4260
-15.704	2.303	-15.704	2.308	2410	2010	4420
-15.704	2.403	-15.699	2.400	2160	2260	4420
-15.704	2.503	-15.706	2.499	2210	1620	3830
-15.704	2.603	-15.704	2.604	1980	1940	3920
-15.704	2.703	-15.705	2.705	1920	1690	3610
-15.704	2.803	-15.700	2.800	2130	1990	4120
-15.704	2.903	-15.704	2.909	2090	1840	3930
-15.704	3.003	-15.700	3.001	2430	2300	4730
-15.704	3.103	-15.707	3.106	2060	2110	4170
-15.704	3.203	-15.706	3.199	2330	1920	4250
-15.704	3.303	-15.704	3.304	2190	2080	4270
-15.704	3.403	-15.702	3.404	2250	2180	4430
-15.704	3.503	-15.704	3.504	2130	1720	3850
-15.704	3.603	-15.706	3.605	2160	2170	4330
-15.704	3.703	-15.701	3.705	2590	2530	5120
-15.704	3.803	-15.705	3.806	2350	1970	4320
-15.704	3.903	-15.704	3.905	2230	2070	4300
-15.704	4.003	-15.703	4.000	2440	2210	4650
-15.704	4.103	-15.701	4.108	2350	2100	4450
-15.704	4.203	-15.703	4.204	2100	2150	4250
-15.704	4.303	-15.704	4.301	2180	2140	4320
-15.704	4.403	-15.699	4.404	2000	2000	4000
-15.704	4.503	-15.703	4.501	2060	1890	3950
-15.704	4.603	-15.703	4.607	2070	1890	3960
-15.704	4.703	-15.704	4.703	1970	1860	3830
-15.704	4.803	-15.702	4.799	2040	1710	3750
-15.704	4.903	-15.700	4.901	2060	1780	3840
-15.704	5.003	-15.705	5.006	1730	1840	3570
-15.704	5.103	-15.703	5.105	2020	1540	3560
-15.704	5.203	-15.707	5.203	1880	1550	3430
-15.704	5.303	-15.703	5.308	1660	1830	3490
-15.704	5.403	-15.703	5.408	1740	1620	3360
-15.704	5.503	-15.705	5.506	1640	1350	2990
-15.704	5.603	-15.704	5.603	1720	1640	3360
-15.704	5.703	-15.699	5.706	2090	1540	3630
-15.704	5.803	-15.703	5.801	2000	1700	3700
-15.604	1.803	-15.604	1.800	2550	2370	4920
-15.604	1.903	-15.607	1.904	2540	2470	5010
-15.604	2.003	-15.604	2.003	2440	2510	4950
-15.604	2.103	-15.606	2.104	2480	2290	4770
-15.604	2.203	-15.602	2.205	2160	2140	4300
-15.604	2.303	-15.605	2.303	2040	1850	3890
-15.604	2.403	-15.606	2.406	2210	1730	3940
-15.604	2.503	-15.601	2.498	2240	2100	4340
-15.604	2.603	-15.607	2.605	2300	2030	4330
-15.604	2.703	-15.599	2.702	2050	2150	4200
-15.604	2.803	-15.604	2.801	2110	1830	3940
-15.604	2.903	-15.600	2.905	2150	1880	4030
-15.604	3.003	-15.602	3.003	1840	2110	3950
-15.604	3.103	-15.607	3.097	2030	1830	3860
-15.604	3.203	-15.600	3.208	2220	1930	4150
-15.604	3.303	-15.603	3.302	2250	1810	4060
-15.604	3.403	-15.604	3.402	2270	2290	4560
-15.604	3.503	-15.602	3.502	2570	2230	4800
-15.604	3.603	-15.604	3.602	2290	2090	4380
-15.604	3.703	-15.607	3.707	2150	2340	4490
-15.604	3.803	-15.599	3.804	2370	2310	4680
-15.604	3.903	-15.603	3.902	2300	2300	4600
-15.604	4.003	-15.602	3.999	2320	2400	4720
-15.604	4.103	-15.603	4.099	2440	2640	5080
-15.604	4.203	-15.606	4.202	2550	2080	4630
-15.604	4.303	-15.606	4.301	2200	2140	4340
-15.604	4.403	-15.606	4.404	2170	2110	4280
-15.604	4.503	-15.602	4.503	2270	2110	4380
-15.604	4.603	-15.601	4.601	2250	1770	4020
-15.604	4.703	-15.601	4.708	1950	1770	3720
-15.604	4.803	-15.608	4.809	1980	2060	4040
-15.604	4.903	-15.607	4.905	1880	1980	3860
-15.604	5.003	-15.601	5.003	1860	1790	3650
-15.604	5.103	-15.598	5.102	1970	1890	3860
-15.604	5.203	-15.601	5.201	1740	1930	3670
-15.604	5.303	-15.602	5.306	1770	1550	3320
-15.604	5.403	-15.603	5.402	1670	1490	3160
-15.604	5.503	-15.597	5.499	1830	1700	3530
-15.604	5.603	-15.604	5.603	1650	1770	3420
-15.604	5.703	-15.606	5.700	1870	1830	3700
-15.604	5.803	-15.604	5.802	1750	1490	3240
-15.504	1.803	-15.506	1.806	2590	2600	5190
-15.504	1.903	-15.501	1.905	2730	2300	5030
-15.504	2.003	-15.504	1.999	2290	2150	4440
-15.504	2.103	-15.502	2.102	2170	2390	4560
-15.504	2.203	-15.499	2.200	2290	2170	4460
-15.504	2.303	-15.503	2.296	2300	2070	4370
-15.504	2.403	-15.500	2.402	2200	1940	4140
-15.504	2.503	-15.501	2.504	2280	2130	4410
-15.504	2.603	-15.500	2.607	1870	2070	3940
-15.504	2.703	-15.502	2.703	1950	2120	4070
-15.504	2.803	-15.504	2.803	2300	1860	4160
-15.504	2.903	-15.499	2.900	2210	2140	4350
-15.504	3.003	-15.499	3.001	2220	2050	4270
-15.504	3.103	-15.501	3.106	2450	2410	4860
-15.504	3.203	-15.502	3.205	2140	2120	4260
-15.504	3.303	-15.504	3.304	2180	2050	4230
-15.504	3.403	-15.506	3.401	2530	2110	4640
-15.504	3.503	-15.501	3.499	2740	2400	5140
-15.504	3.603	-15.503	3.603	2910	2910	5820
-15.504	3.703	-15.503	3.703	2090	2460	4550
-15.504	3.803	-15.501	3.803	2840	2250	5090
-15.504	3.903	-15.502	3.902	2660	2480	5140
-15.504	4.003	-15.506	4.001	2660	2860	5520
-15.504	4.103	-15.500	4.104	2860	2710	5570
-15.504	4.203	-15.504	4.201	2380	2470	4850
-15.504	4.303	-15.504	4.306	2120	1880	4000
-15.504	4.403	-15.503	4.406	2310	1870	4180
-15.504	4.503	-15.502	4.500	2390	1960	4350
-15.504	4.603	-15.502	4.603	1940	1750	3690
-15.504	4.703	-15.502	4.698	1940	1940	3880
-15.504	4.803	-15.504	4.806	2070	1940	4010
-15.504	4.903	-15.501	4.904	1790	1810	3600
-15.504	5.003	-15.499	4.999	1870	1600	3470
-15.504	5.103	-15.503	5.099	1980	1790	3770
-15.504	5.203	-15.504	5.207	2130	1700	3830
-15.504	5.303	-15.503	5.302	1870	1660	3530
-15.504	5.403	-15.502	5.404	2020	1640	3660
-15.504	5.503	-15.502	5.505	1740	1510	3250
-15.504	5.603	-15.505	5.606	1540	1730	3270
-15.504	5.703	-15.504	5.705	1660	1400	3060
-15.504	5.803	-15.505	5.800	2010	1590	3600
-15.404	1.803	-15.401	1.802	2320	2370	4690
-15.404	1.903	-15.403	1.906	2360	2510	4870
-15.404	2.003	-15.404	2.008	2600	2270	4870
-15.404	2.103	-15.402	2.107	2370	1890	4260
-15.404	2.203	-15.403	2.204	2430	2460	4890
-15.404	2.303	-15.404	2.304	2180	2080	4260
-15.404	2.403	-15.402	2.403	2150	1970	4120
-15.404	2.503	-15.399	2.504	2240	2200	4440
-15.404	2.603	-15.405	2.606	2510	1900	4410
-15.404	2.703	-15.405	2.705	2180	2390	4570
-15.404	2.803	-15.405	2.806	2160	2030	4190
-15.404	2.903	-15.402	2.901	2130	2290	4420
-15.404	3.003	-15.402	3.003	1960	1970	3930
-15.404	3.103	-15.401	3.104	2030	1940	3970
-15.404	3.203	-15.404	3.203	2520	2080	4600
-15.404	3.303	-15.404	3.305	2700	2090	4790
-15.404	3.403	-15.402	3.404	2230	2550	4780
-15.404	3.503	-15.405	3.499	2390	2070	4460
-15.404	3.603	-15.403	3.601	2960	2540	5500
-15.404	3.703	-15.404	3.703	2780	2520	5300
-15.404	3.803	-15.401	3.801	2670	2500	5170
-15.404	3.903	-15.401	3.900	2370	2450	4820
-15.404	4.003	-15.404	4.002	2690	2690	5380
-15.404	4.103	-15.404	4.104	2550	2290	4840
-15.404	4.203	-15.404	4.207	2340	2420	4760
-15.404	4.303	-15.404	4.306	2240	2230	4470
-15.404	4.403	-15.402	4.406	2530	2150	4680
-15.404	4.503	-15.404	4.502	2410	1940	4350
-15.404	4.603	-15.400	4.602	2030	1740	3770
-15.404	4.703	-15.403	4.701	2060	1930	3990
-15.404	4.803	-15.402	4.804	2050	1670	3720
-15.404	4.903	-15.403	4.909	1530	1600	3130
-15.404	5.003	-15.404	5.003	1970	1830	3800
-15.404	5.103	-15.399	5.098	1820	1660	3480
-15.404	5.203	-15.404	5.201	1450	1690	3140
-15.404	5.303	-15.400	5.299	1950	1660	3610
-15.404	5.403	-15.403	5.399	1760	1540	3300
-15.404	5.503	-15.402	5.498	1540	1580	3120
-15.404	5.603	-15.401	5.599	1730	1770	3500
-15.404	5.703	-15.402	5.702	1850	1690	3540
-15.404	5.803	-15.406	5.801	1960	1680	3640
-15.304	1.803	-15.304	1.807	2340	2430	4770
-15.304	1.903	-15.305	1.900	2780	2280	5060
-15.304	2.003	-15.304	2.005	2880	2300	5180
-15.304	2.103	-15.300	2.101	2480	2510	4990
-15.304	2.203	-15.298	2.205	2200	2150	4350
-15.304	2.303	-15.299	2.305	2330	2020	4350
-15.304	2.403	-15.304	2.400	2110	1950	4060
-15.304	2.503	-15.305	2.505	2200	2010	4210
-15.304	2.603	-15.304	2.607	2410	2020	4430
-15.304	2.703	-15.301	2.702	2220	2070	4290
-15.304	2.803	-15.305	2.803	2060	1940	4000
-15.304	2.903	-15.303	2.906	2400	2190	4590
-15.304	3.003	-15.303	3.008	1990	2130	4120
-15.304	3.103	-15.305	3.105	2190	1830	4020
-15.304	3.203	-15.302	3.202	2180	1880	4060
-15.304	3.303	-15.305	3.301	2410	2470	4880
-15.304	3.403	-15.299	3.406	2310	2060	4370
-15.304	3.503	-15.303	3.505	2450	2410	4860
-15.304	3.603	-15.302	3.603	2110	2390	4500
-15.304	3.703	-15.303	3.703	2290	2330	4620
-15.304	3.803	-15.305	3.802	2720	2540	5260
-15.304	3.903	-15.307	3.905	2730	2500	5230
-15.304	4.003	-15.305	4.000	2620	2450	5070
-15.304	4.103	-15.309	4.105	2690	2830	5520
-15.304	4.203	-15.302	4.206	2560	2340	4900
-15.304	4.303	-15.301	4.306	2100	2410	4510
-15.304	4.403	-15.306	4.403	2200	2470	4670
-15.304	4.503	-15.311	4.505	2170	2180	4350
-15.304	4.603	-15.306	4.603	2120	1890	4010
-15.304	4.703	-15.304	4.701	2020	1720	3740
-15.304	4.803	-15.299	4.802	1870	1720	3590
-15.304	4.903	-15.302	4.906	1760	1880	3640
-15.304	5.003	-15.302	5.005	1870	1880	3750
-15.304	5.103	-15.301	5.100	1940	1720	3660
-15.304	5.203	-15.300	5.205	1950	1680	3630
-15.304	5.303	-15.301	5.304	1810	1750	3560
-15.304	5.403	-15.305	5.400	1960	1790	3750
-15.304	5.503	-15.298	5.506	1850	1780	3630
-15.304	5.603	-15.304	5.605	1680	1570	3250
-15.304	5.703	-15.304	5.702	2110	1940	4050
-15.304	5.803	-15.305	5.807	1560	2050	3610
-15.204	1.803	-15.199	1.803	2950	2780	5730
-15.204	1.903	-15.203	1.902	2430	2480	4910
-15.204	2.003	-15.203	2.004	2280	2640	4920
-15.204	2.103	-15.203	2.107	2490	2460	4950
-15.204	2.203	-15.204	2.204	2300	2050	4350
-15.204	2.303	-15.206	2.298	2210	1990	4200
-15.204	2.403	-15.204	2.402	1880	1800	3680
-15.204	2.503	-15.202	2.503	2010	2090	4100
-15.204	2.603	-15.205	2.601	2260	1760	4020
-15.204	2.703	-15.207	2.701	2270	2180	4450
-15.204	2.803	-15.201	2.799	2470	2120	4590
-15.204	2.903	-15.206	2.903	2080	1960	4040
-15.204	3.003	-15.208	3.006	2280	2020	4300
-15.204	3.103	-15.201	3.097	2150	2250	4400
-15.204	3.203	-15.205	3.204	2170	2050	4220
-15.204	3.303	-15.201	3.300	2000	2210	4210
-15.204	3.403	-15.206	3.406	2220	2000	4220
-15.204	3.503	-15.201	3.509	2350	2150	4500
-15.204	3.603	-15.197	3.601	2920	2300	5220
-15.204	3.703	-15.203	3.698	2500	2610	5110
-15.204	3.803	-15.205	3.805	3080	2560	5640
-15.204	3.903	-15.200	3.901	2800	2820	5620
-15.204	4.003	-15.204	4.006	2670	2710	5380
-15.204	4.103	-15.200	4.100	2800	2380	5180
-15.204	4.203	-15.200	4.199	2570	2560	5130
-15.204	4.303	-15.202	4.304	2680	2690	5370
-15.204	4.403	-15.204	4.400	2080	2170	4250
-15.204	4.503	-15.203	4.506	2180	1990	4170
-15.204	4.603	-15.202	4.606	2480	2080	4560
-15.204	4.703	-15.201	4.703	2300	2180	4480
-15.204	4.803	-15.206	4.803	1900	1720	3620
-15.204	4.903	-15.203	4.902	2110	1730	3840
-15.204	5.003	-15.201	5.006	1940	1730	3670
-15.204	5.103	-15.203	5.103	2010	1980	3990
-15.204	5.203	-15.201	5.208	2050	1720	3770
-15.204	5.303	-15.201	5.302	2010	1670	3680
-15.204	5.403	-15.205	5.407	2200	1780	3980
-15.204	5.503	-15.200	5.506	1910	1690	3600
-15.204	5.603	-15.204	5.602	2160	1680	3840
-15.204	5.703	-15.199	5.704	1780	1820	3600
-15.204	5.803	-15.203	5.807	1760	1870	3630
-15.104	1.803	-15.105	1.795	2870	2770	5640
-15.104	1.903	-15.103	1.902	2670	2670	5340
-15.104	2.003	-15.106	2.001	2630	2520	5150
-15.104	2.103	-15.104	2.105	2440	1890	4330
-15.104	2.203	-15.102	2.202	2610	2250	4860
-15.104	2.303	-15.102	2.302	2360	2300	4660
-15.104	2.403	-15.104	2.407	2210	2240	4450
-15.104	2.503	-15.103	2.506	2100	2090	4190
-15.104	2.603	-15.105	2.609	2190	1950	4140
-15.104	2.703	-15.105	2.704	2430	2210	4640
-15.104	2.803	-15.103	2.810	2390	1870	4260
-15.104	2.903	-15.103	2.906	2280	2060	4340
-15.104	3.003	-15.105	2.998	2380	2040	4420
-15.104	3.103	-15.100	3.103	2290	2110	4400
-15.104	3.203	-15.102	3.200	2610	2210	4820
-15.104	3.303	-15.110	3.308	2340	2290	4630
-15.104	3.403	-15.102	3.404	2320	2350	4670
-15.104	3.503	-15.099	3.500	2410	2400	4810
-15.104	3.603	-15.101	3.603	2560	2570	5130
-15.104	3.703	-15.103	3.705	2650	2750	5400
-15.104	3.803	-15.102	3.803	2970	2830	5800
-15.104	3.903	-15.104	3.897	3040	2830	5870
-15.104	4.003	-15.102	3.999	2820	3210	6030
-15.104	4.103	-15.104	4.100	2970	2850	5820
-15.104	4.203	-15.104	4.202	2600	2810	5410
-15.104	4.303	-15.104	4.304	2680	2770	5450
-15.104	4.403	-15.103	4.406	2610	2370	4980
-15.104	4.503	-15.103	4.504	2540	2480	5020
-15.104	4.603	-15.102	4.597	2200	1950	4150
-15.104	4.703	-15.103	4.699	2090	1860	3950
-15.104	4.803	-15.103	4.804	2150	1840	3990
-15.104	4.903	-15.104	4.901	1950	1850	3800
-15.104	5.003	-15.104	5.002	1890	1560	3450
-15.104	5.103	-15.103	5.098	1720	1860	3580
-15.104	5.203	-15.103	5.203	1860	1490	3350
-15.104	5.303	-15.102	5.305	1810	1540	3350
-15.104	5.403	-15.100	5.404	1850	1740	3590
-15.104	5.503	-15.102	5.509	1970	1640	3610
-15.104	5.603	-15.105	5.599	1890	1730	3620
-15.104	5.703	-15.101	5.710	1850	1590	3440
-15.104	5.803	-15.104	5.803	1770	1700	3470
-15.004	1.803	-15.000	1.805	2490	1970	4460
-15.004	1.903	-15.006	1.904	2040	2120	4160
-15.004	2.003	-15.005	2.002	2370	2230	4600
-15.004	2.103	-15.001	2.104	2450	2220	4670
-15.004	2.203	-15.000	2.197	2270	2070	4340
-15.004	2.303	-15.003	2.300	2300	2050	4350
-15.004	2.403	-15.005	2.398	2380	1800	4180
-15.004	2.503	-15.007	2.502	2220	1810	4030
-15.004	2.603	-15.005	2.605	2130	2010	4140
-15.004	2.703	-14.998	2.704	2320	2100	4420
-15.004	2.803	-15.002	2.803	2160	2020	4180
-15.004	2.903	-15.003	2.900	2230	2210	4440
-15.004	3.003	-15.008	3.005	2570	2270	4840
-15.004	3.103	-15.003	3.102	2720	2110	4830
-15.004	3.203	-15.001	3.205	2310	2370	4680
-15.004	3.303	-15.001	3.300	2250	2310	4560
-15.004	3.403	-15.005	3.406	2680	2370	5050
-15.004	3.503	-15.007	3.505	2500	2270	4770
-15.004	3.603	-15.006	3.602	2570	2200	4770
-15.004	3.703	-15.004	3.697	2630	2810	5440
-15.004	3.803	-15.002	3.810	2880	2540	5420
-15.004	3.903	-15.004	3.899	3160	3150	6310
-15.004	4.003	-15.002	4.001	3010	3180	6190
-15.004	4.103	-15.005	4.104	2840	3080	5920
-15.004	4.203	-15.002	4.205	3430	2990	6420
-15.004	4.303	-15.004	4.302	2670	3310	5980
-15.004	4.403	-15.002	4.403	2590	2650	5240
-15.004	4.503	-15.000	4.501	2360	2410	4770
-15.004	4.603	-15.000	4.607	2370	2350	4720
-15.004	4.703	-15.001	4.705	2180	2130	4310
-15.004	4.803	-15.002	4.802	1960	1810	3770
-15.004	4.903	-15.001	4.903	1960	1750	3710
-15.004	5.003	-15.004	5.000	1850	1660	3510
-15.004	5.103	-15.004	5.104	2200	1750	3950
-15.004	5.203	-15.002	5.205	1740	1510	3250
-15.004	5.303	-15.000	5.304	1930	1880	3810
-15.004	5.403	-15.004	5.405	1850	1630	3480
-15.004	5.503	-15.001	5.503	1920	1670	3590
-15.004	5.603	-15.008	5.599	1890	1620	3510
-15.004	5.703	-15.004	5.706	1750	1620	3370
-15.004	5.803	-15.001	5.808	2000	1650	3650
-14.904	1.803	-14.903	1.804	2840	2550	5390
-14.904	1.903	-14.903	1.899	2720	2520	5240
-14.904	2.003	-14.904	2.005	2780	2500	5280
-14.904	2.103	-14.903	2.105	2840	2290	5130
-14.904	2.203	-14.903	2.204	2580	2490	5070
-14.904	2.303	-14.906	2.304	2550	2150	4700
-14.904	2.403	-14.906	2.405	2370	2100	4470
-14.904	2.503	-14.904	2.500	2390	1980	4370
-14.904	2.603	-14.900	2.603	2420	2290	4710
-14.904	2.703	-14.903	2.702	2390	2180	4570
-14.904	2.803	-14.903	2.810	2210	2010	4220
-14.904	2.903	-14.904	2.904	1950	1750	3700
-14.904	3.003	-14.904	3.006	2370	2340	4710
-14.904	3.103	-14.903	3.103	2210	2040	4250
-14.904	3.203	-14.905	3.207	2640	2460	5100
-14.904	3.303	-14.903	3.307	2370	1910	4280
-14.904	3.403	-14.903	3.402	2130	2290	4420
-14.904	3.503	-14.901	3.498	2400	2350	4750
-14.904	3.603	-14.904	3.604	2240	2120	4360
-14.904	3.703	-14.904	3.700	2460	2540	5000
-14.904	3.803	-14.900	3.805	2580	2520	5100
-14.904	3.903	-14.900	3.906	3040	3070	6110
-14.904	4.003	-14.902	4.002	2830	2740	5570
-14.904	4.103	-14.902	4.104	3120	2980	6100
-14.904	4.203	-14.903	4.203	3130	3260	6390
-14.904	4.303	-14.902	4.301	2970	2920	5890
-14.904	4.403	-14.902	4.404	3020	3080	6100
-14.904	4.503	-14.905	4.504	2420	2210	4630
-14.904	4.603	-14.906	4.601	2220	2330	4550
-14.904	4.703	-14.904	4.702	2110	2060	4170
-14.904	4.803	-14.903	4.802	1910	2110	4020
-14.904	4.903	-14.904	4.904	2120	1960	4080
-14.904	5.003	-14.905	5.009	1960	1700	3660
-14.904	5.103	-14.900	5.106	2260	1810	4070
-14.904	5.203	-14.902	5.203	2200	1870	4070
-14.904	5.303	-14.900	5.304	2080	1760	3840
-14.904	5.403	-14.904	5.401	1950	1520	3470
-14.904	5.503	-14.903	5.505	1950	1720	3670
-14.904	5.603	-14.905	5.603	2000	1630	3630
-14.904	5.703	-14.906	5.705	1970	1540	3510
-14.904	5.803	-14.901	5.802	2100	1530	3630
-14.804	1.803	-14.802	1.803	2840	2800	5640
-14.804	1.903	-14.799	1.904	2400	2240	4640
-14.804	2.003	-14.804	2.003	2260	2160	4420
-14.804	2.103	-14.802	2.102	2560	2240	4800
-14.804	2.203	-14.803	2.209	2400	2200	4600
-14.804	2.303	-14.804	2.304	2350	2360	4710
-14.804	2.403	-14.804	2.404	2060	2350	4410
-14.804	2.503	-14.803	2.505	2250	1970	4220
-14.804	2.603	-14.806	2.605	2390	2180	4570
-14.804	2.703	-14.805	2.705	2190	2110	4300
-14.804	2.803	-14.802	2.802	2410	1930	4340
-14.804	2.903	-14.797	2.900	2150	1960	4110
-14.804	3.003	-14.802	3.007	2360	2300	4660
-14.804	3.103	-14.803	3.101	2340	2650	4990
-14.804	3.203	-14.803	3.201	2510	2480	4990
-14.804	3.303	-14.803	3.300	2360	2360	4720
-14.804	3.403	-14.803	3.401	2660	2300	4960
-14.804	3.503	-14.803	3.507	2240	2270	4510
-14.804	3.603	-14.803	3.605	2370	2460	4830
-14.804	3.703	-14.802	3.705	2460	2290	4750
-14.804	3.803	-14.803	3.800	2360	2550	4910
-14.804	3.903	-14.802	3.900	2890	3050	5940
-14.804	4.003	-14.802	4.005	2950	3210	6160
-14.804	4.103	-14.804	4.104	3200	3380	6580
-14.804	4.203	-14.804	4.198	3510	3260	6770
-14.804	4.303	-14.805	4.299	2820	2840	5660
-14.804	4.403	-14.804	4.402	2720	2830	5550
-14.804	4.503	-14.804	4.500	2780	2720	5500
-14.804	4.603	-14.801	4.600	2360	2560	4920
-14.804	4.703	-14.804	4.703	2510	2220	4730
-14.804	4.803	-14.803	4.799	2110	1670	3780
-14.804	4.903	-14.807	4.902	1880	1770	3650
-14.804	5.003	-14.803	5.000	1820	1980	3800
-14.804	5.103	-14.803	5.104	1800	1920	3720
-14.804	5.203	-14.806	5.206	1770	1730	3500
-14.804	5.303	-14.804	5.306	1740	1860	3600
-14.804	5.403	-14.799	5.405	1750	1770	3520
-14.804	5.503	-14.803	5.503	1830	1610	3440
-14.804	5.603	-14.804	5.603	1890	1640	3530
-14.804	5.703	-14.801	5.700	1990	1690	3680
-14.804	5.803	-14.804	5.804	2130	1480	3610
-14.704	1.803	-14.703	1.802	3280	3160	6440
-14.704	1.903	-14.702	1.901	2910	2610	5520
-14.704	2.003	-14.702	2.003	2660	2630	5290
-14.704	2.103	-14.703	2.103	3010	2480	5490
-14.704	2.203	-14.703	2.202	2510	2300	4810
-14.704	2.303	-14.702	2.301	2610	2240	4850
-14.704	2.403	-14.701	2.404	2150	2390	4540
-14.704	2.503	-14.700	2.497	2830	2310	5140
-14.704	2.603	-14.702	2.605	2900	2360	5260
-14.704	2.703	-14.704	2.702	2420	2130	4550
-14.704	2.803	-14.704	2.806	2250	1920	4170
-14.704	2.903	-14.698	2.905	2330	2360	4690
-14.704	3.003	-14.703	3.002	2070	1780	3850
-14.704	3.103	-14.706	3.103	2220	2370	4590
-14.704	3.203	-14.707	3.200	2440	2510	4950
-14.704	3.303	-14.703	3.304	2680	2160	4840
-14.704	3.403	-14.700	3.401	2640	2320	4960
-14.704	3.503	-14.704	3.502	2670	2230	4900
-14.704	3.603	-14.702	3.603	2820	2590	5410
-14.704	3.703	-14.706	3.703	2510	2410	4920
-14.704	3.803	-14.702	3.807	3220	2800	6020
-14.704	3.903	-14.699	3.901	2910	3210	6120
-14.704	4.003	-14.701	4.004	3030	3000	6030
-14.704	4.103	-14.707	4.105	3640	3160	6800
-14.704	4.203	-14.705	4.204	3440	3590	7030
-14.704	4.303	-14.700	4.301	2650	2760	5410
-14.704	4.403	-14.701	4.407	2630	2740	5370
-14.704	4.503	-14.705	4.501	2530	2770	5300
-14.704	4.603	-14.704	4.601	2910	2490	5400
-14.704	4.703	-14.699	4.701	1970	2100	4070
-14.704	4.803	-14.698	4.802	2110	1970	4080
-14.704	4.903	-14.704	4.904	1930	2040	3970
-14.704	5.003	-14.703	5.007	2280	1780	4060
-14.704	5.103	-14.706	5.104	1760	1420	3180
-14.704	5.203	-14.707	5.208	1730	1650	3380
-14.704	5.303	-14.701	5.306	1830	1620	3450
-14.704	5.403	-14.707	5.401	1730	1780	3510
-14.704	5.503	-14.701	5.502	1690	1820	3510
-14.704	5.603	-14.702	5.598	1830	1820	3650
-14.704	5.703	-14.703	5.700	1810	1820	3630
-14.704	5.803	-14.701	5.805	1800	1560	3360
-14.604	1.803	-14.600	1.805	3260	3180	6440
-14.604	1.903	-14.600	1.902	2830	3140	5970
-14.604	2.003	-14.602	2.004	2710	2410	5120
-14.604	2.103	-14.600	2.096	2870	2540	5410
-14.604	2.203	-14.605	2.202	2850	2590	5440
-14.604	2.303	-14.601	2.301	2510	2160	4670
-14.604	2.403	-14.600	2.401	2150	2010	4160
-14.604	2.503	-14.605	2.503	2400	2260	4660
-14.604	2.603	-14.603	2.602	2340	2060	4400
-14.604	2.703	-14.601	2.701	2250	2240	4490
-14.604	2.803	-14.602	2.801	2350	2030	4380
-14.604	2.903	-14.601	2.906	1990	2060	4050
-14.604	3.003	-14.604	3.002	2000	1850	3850
-14.604	3.103	-14.604	3.098	2180	2160	4340
-14.604	3.203	-14.605	3.200	2720	2240	4960
-14.604	3.303	-14.606	3.303	2160	2340	4500
-14.604	3.403	-14.601	3.407	2510	2390	4900
-14.604	3.503	-14.600	3.503	2660	2790	5450
-14.604	3.603	-14.603	3.605	2630	2680	5310
-14.604	3.703	-14.600	3.703	2910	2770	5680
-14.604	3.803	-14.602	3.805	2670	3100	5770
-14.604	3.903	-14.605	3.899	2820	3060	5880
-14.604	4.003	-14.603	4.003	3290	3170	6460
-14.604	4.103	-14.605	4.104	3280	3280	6560
-14.604	4.203	-14.601	4.200	3380	2760	6140
-14.604	4.303	-14.606	4.302	3320	3300	6620
-14.604	4.403	-14.604	4.400	2800	3030	5830
-14.604	4.503	-14.607	4.504	2290	2480	4770
-14.604	4.603	-14.601	4.602	2610	2060	4670
-14.604	4.703	-14.603	4.701	2220	2150	4370
-14.604	4.803	-14.602	4.800	2430	2190	4620
-14.604	4.903	-14.602	4.902	2080	1920	4000
-14.604	5.003	-14.608	5.010	1990	1890	3880
-14.604	5.103	-14.601	5.104	1670	1790	3460
-14.604	5.203	-14.599	5.203	1870	1870	3740
-14.604	5.303	-14.606	5.303	1850	1800	3650
-14.604	5.403	-14.601	5.405	1800	1750	3550
-14.604	5.503	-14.604	5.505	2090	1580	3670
-14.604	5.603	-14.605	5.603	1960	1700	3660
-14.604	5.703	-14.603	5.705	1690	1800	3490
-14.604	5.803	-14.602	5.802	1820	1700	3520
-14.504	1.803	-14.503	1.806	2990	2510	5500
-14.504	1.903	-14.498	1.900	2900	2540	5440
-14.504	2.003	-14.506	2.005	2610	2580	5190
-14.504	2.103	-14.502	2.105	2500	2390	4890
-14.504	2.203	-14.506	2.206	2850	2630	5480
-14.504	2.303	-14.503	2.303	2690	2200	4890
-14.504	2.403	-14.502	2.404	2480	2460	4940
-14.504	2.503	-14.501	2.506	2380	2310	4690
-14.504	2.603	-14.501	2.601	2190	2150	4340
-14.504	2.703	-14.499	2.703	2130	2370	4500
-14.504	2.803	-14.502	2.804	2330	2200	4530
-14.504	2.903	-14.502	2.905	2480	2630	5110
-14.504	3.003	-14.510	3.002	2710	2330	5040
-14.504	3.103	-14.502	3.100	2460	2500	4960
-14.504	3.203	-14.502	3.205	2570	2150	4720
-14.504	3.303	-14.504	3.303	2660	2600	5260
-14.504	3.403	-14.499	3.407	2330	2720	5050
-14.504	3.503	-14.501	3.503	2480	2300	4780
-14.504	3.603	-14.500	3.599	2330	2550	4880
-14.504	3.703	-14.503	3.707	2770	2480	5250
-14.504	3.803	-14.505	3.806	3180	3210	6390
-14.504	3.903	-14.502	3.901	3410	3220	6630
-14.504	4.003	-14.500	4.008	3230	2980	6210
-14.504	4.103	-14.506	4.105	3460	3190	6650
-14.504	4.203	-14.499	4.203	3510	3130	6640
-14.504	4.303	-14.501	4.299	3130	2790	5920
-14.504	4.403	-14.504	4.400	3010	2870	5880
-14.504	4.503	-14.501	4.500	2810	2550	5360
-14.504	4.603	-14.505	4.606	2440	2950	5390
-14.504	4.703	-14.500	4.702	2410	2730	5140
-14.504	4.803	-14.498	4.801	2280	1980	4260
-14.504	4.903	-14.501	4.897	2360	2010	4370
-14.504	5.003	-14.506	5.004	2110	1700	3810
-14.504	5.103	-14.501	5.107	1860	1570	3430
-14.504	5.203	-14.500	5.201	1900	1720	3620
-14.504	5.303	-14.501	5.300	1760	1750	3510
-14.504	5.403	-14.497	5.404	1820	1510	3330
-14.504	5.503	-14.500	5.506	1750	1780	3530
-14.504	5.603	-14.505	5.605	1840	1820	3660
-14.504	5.703	-14.507	5.701	1870	1790	3660
-14.504	5.803	-14.501	5.803	1780	1770	3550
-14.404	1.803	-14.404	1.800	3370	3080	6450
-14.404	1.903	-14.403	1.901	3030	2930	5960
-14.404	2.003	-14.399	2.003	3290	3200	6490
-14.404	2.103	-14.406	2.105	2990	2660	5650
-14.404	2.203	-14.404	2.198	2400	2580	4980
-14.404	2.303	-14.402	2.305	2460	2370	4830
-14.404	2.403	-14.402	2.399	2350	2280	4630
-14.404	2.503	-14.402	2.505	2120	2310	4430
-14.404	2.603	-14.408	2.607	2760	2110	4870
-14.404	2.703	-14.401	2.704	2400	2210	4610
-14.404	2.803	-14.404	2.801	2390	2090	4480
-14.404	2.903	-14.407	2.903	2350	2100	4450
-14.404	3.003	-14.404	3.003	2270	2290	4560
-14.404	3.103	-14.406	3.102	2370	2600	4970
-14.404	3.203	-14.399	3.199	2300	2560	4860
-14.404	3.303	-14.403	3.304	2540	2380	4920
-14.404	3.403	-14.401	3.403	2560	2270	4830
-14.404	3.503	-14.405	3.502	2770	2670	5440
-14.404	3.603	-14.406	3.601	2690	2960	5650
-14.404	3.703	-14.400	3.704	2760	2610	5370
-14.404	3.803	-14.402	3.804	2970	2850	5820
-14.404	3.903	-14.405	3.903	2710	2970	5680
-14.404	4.003	-14.405	4.003	3120	3140	6260
-14.404	4.103	-14.400	4.105	3240	3050	6290
-14.404	4.203	-14.407	4.207	3180	2980	6160
-14.404	4.303	-14.402	4.303	2890	3210	6100
-14.404	4.403	-14.405	4.405	2560	2610	5170
-14.404	4.503	-14.403	4.502	2850	2320	5170
-14.404	4.603	-14.401	4.601	2620	2500	5120
-14.404	4.703	-14.407	4.701	2510	2550	5060
-14.404	4.803	-14.403	4.802	2310	2060	4370
-14.404	4.903	-14.404	4.903	2190	1980	4170
-14.404	5.003	-14.405	5.006	1910	2100	4010
-14.404	5.103	-14.404	5.102	2010	2040	4050
-14.404	5.203	-14.412	5.203	1930	1900	3830
-14.404	5.303	-14.403	5.302	1930	1630	3560
-14.404	5.403	-14.404	5.405	1790	1490	3280
-14.404	5.503	-14.406	5.501	1800	1660	3460
-14.404	5.603	-14.401	5.605	1790	1450	3240
-14.404	5.703	-14.402	5.703	1820	1530	3350
-14.404	5.803	-14.403	5.801	1740	1710	3450
-14.304	1.803	-14.303	1.803	3130	3230	6360
-14.304	1.903	-14.299	1.910	2720	2590	5310
-14.304	2.003	-14.303	1.998	2850	2510	5360
-14.304	2.103	-14.301	2.096	2700	2850	5550
-14.304	2.203	-14.303	2.204	2700	2680	5380
-14.304	2.303	-14.302	2.303	2620	2300	4920
-14.304	2.403	-14.304	2.402	2610	2050	4660
-14.304	2.503	-14.305	2.504	2590	2340	4930
-14.304	2.603	-14.305	2.605	2280	2180	4460
-14.304	2.703	-14.307	2.700	2150	2150	4300
-14.304	2.803	-14.304	2.802	2630	2340	4970
-14.304	2.903	-14.302	2.904	2510	2390	4900
-14.304	3.003	-14.306	3.000	2510	2530	5040
-14.304	3.103	-14.303	3.108	2210	1970	4180
-14.304	3.203	-14.304	3.201	2680	2530	5210
-14.304	3.303	-14.302	3.304	2580	2400	4980
-14.304	3.403	-14.303	3.404	2770	2680	5450
-14.304	3.503	-14.308	3.506	2460	2510	4970
-14.304	3.603	-14.301	3.602	2970	2800	5770
-14.304	3.703	-14.303	3.700	3070	2910	5980
-14.304	3.803	-14.303	3.800	3480	2820	6300
-14.304	3.903	-14.304	3.906	3610	3270	6880
-14.304	4.003	-14.304	4.001	2930	3270	6200
-14.304	4.103	-14.302	4.105	2770	2510	5280
-14.304	4.203	-14.303	4.205	2890	2820	5710
-14.304	4.303	-14.303	4.302	3390	3100	6490
-14.304	4.403	-14.306	4.403	3090	2930	6020
-14.304	4.503	-14.307	4.502	2930	2540	5470
-14.304	4.603	-14.305	4.608	2440	2210	4650
-14.304	4.703	-14.299	4.700	2220	2440	4660
-14.304	4.803	-14.302	4.804	2180	2160	4340
-14.304	4.903	-14.304	4.903	2340	2430	4770
-14.304	5.003	-14.303	5.002	2150	2080	4230
-14.304	5.103	-14.308	5.106	1940	1880	3820
-14.304	5.203	-14.303	5.206	2150	1770	3920
-14.304	5.303	-14.307	5.298	2290	1870	4160
-14.304	5.403	-14.302	5.409	1810	1700	3510
-14.304	5.503	-14.308	5.506	1760	1730	3490
-14.304	5.603	-14.308	5.600	1830	1550	3380
-14.304	5.703	-14.306	5.705	1710	1480	3190
-14.304	5.803	-14.304	5.806	1960	1380	3340
-14.204	1.803	-14.199	1.806	2980	2700	5680
-14.204	1.903	-14.207	1.903	2790	2580	5370
-14.204	2.003	-14.201	2.002	2910	2880	5790
-14.204	2.103	-14.202	2.104	2940	2810	5750
-14.204	2.203	-14.201	2.203	2870	2490	5360
-14.204	2.303	-14.204	2.302	2430	2630	5060
-14.204	2.403	-14.206	2.403	2350	2480	4830
-14.204	2.503	-14.202	2.504	2340	2100	4440
-14.204	2.603	-14.204	2.606	2300	2060	4360
-14.204	2.703	-14.201	2.703	2440	2070	4510
-14.204	2.803	-14.206	2.803	2110	2140	4250
-14.204	2.903	-14.204	2.903	2210	2200	4410
-14.204	3.003	-14.202	3.003	2370	2110	4480
-14.204	3.103	-14.201	3.107	2420	2360	4780
-14.204	3.203	-14.208	3.201	2370	2210	4580
-14.204	3.303	-14.204	3.300	2330	2480	4810
-14.204	3.403	-14.203	3.407	2970	2920	5890
-14.204	3.503	-14.205	3.502	2730	2850	5580
-14.204	3.603	-14.207	3.602	2340	2900	5240
-14.204	3.703	-14.198	3.699	3290	3120	6410
-14.204	3.803	-14.203	3.802	3280	3210	6490
-14.204	3.903	-14.202	3.899	3270	3310	6580
-14.204	4.003	-14.198	4.002	3380	2830	6210
-14.204	4.103	-14.202	4.104	3380	2820	6200
-14.204	4.203	-14.198	4.202	3170	2680	5850
-14.204	4.303	-14.200	4.300	2690	3110	5800
-14.204	4.403	-14.199	4.404	2830	2790	5620
-14.204	4.503	-14.202	4.503	2700	2940	5640
-14.204	4.603	-14.200	4.601	2470	2280	4750
-14.204	4.703	-14.202	4.703	2320	2020	4340
-14.204	4.803	-14.196	4.807	2140	2010	4150
-14.204	4.903	-14.204	4.903	2200	2190	4390
-14.204	5.003	-14.203	5.005	2000	1730	3730
-14.204	5.103	-14.203	5.101	1970	1930	3900
-14.204	5.203	-14.200	5.206	2010	1630	3640
-14.204	5.303	-14.207	5.305	1840	1840	3680
-14.204	5.403	-14.201	5.400	1880	1730	3610
-14.204	5.503	-14.208	5.501	1530	1580	3110
-14.204	5.603	-14.205	5.600	1870	1570	3440
-14.204	5.703	-14.204	5.709	2100	1710	3810
-14.204	5.803	-14.203	5.801	1860	1850	3710
-14.104	1.803	-14.106	1.797	3380	3610	6990
-14.104	1.903	-14.103	1.898	3090	3000	6090
-14.104	2.003	-14.103	2.007	3050	3180	6230
-14.104	2.103	-14.099	2.104	2790	2430	5220
-14.104	2.203	-14.105	2.203	2470	2330	4800
-14.104	2.303	-14.106	2.298	2610	2750	5360
-14.104	2.403	-14.098	2.405	2350	2130	4480
-14.104	2.503	-14.101	2.508	2340	2120	4460
-14.104	2.603	-14.102	2.598	2230	2080	4310
-14.104	2.703	-14.105	2.709	2350	2150	4500
-14.104	2.803	-14.104	2.804	2320	2150	4470
-14.104	2.903	-14.104	2.899	2280	2300	4580
-14.104	3.003	-14.110	3.000	2560	2360	4920
-14.104	3.103	-14.102	3.101	2560	2220	4780
-14.104	3.203	-14.105	3.200	2620	2480	5100
-14.104	3.303	-14.106	3.302	2430	2400	4830
-14.104	3.403	-14.101	3.406	2740	2730	5470
-14.104	3.503	-14.099	3.518	2730	2360	5090
-14.104	3.603	-14.100	3.605	3280	2560	5840
-14.104	3.703	-14.104	3.701	2790	2560	5350
-14.104	3.803	-14.103	3.807	3090	2960	6050
-14.104	3.903	-14.100	3.905	3100	2810	5910
-14.104	4.003	-14.104	3.999	2760	3060	5820
-14.104	4.103	-14.102	4.110	2950	3190	6140
-14.104	4.203	-14.107	4.199	2790	3130	5920
-14.104	4.303	-14.103	4.302	3070	3260	6330
-14.104	4.403	-14.104	4.407	2490	2720	5210
-14.104	4.503	-14.105	4.506	2710	2460	5170
-14.104	4.603	-14.109	4.606	2490	2650	5140
-14.104	4.703	-14.102	4.704	3060	2820	5880
-14.104	4.803	-14.104	4.801	2050	1800	3850
-14.104	4.903	-14.105	4.902	2060	2010	4070
-14.104	5.003	-14.109	5.004	2040	1960	4000
-14.104	5.103	-14.104	5.103	2130	1910	4040
-14.104	5.203	-14.107	5.201	1920	1710	3630
-14.104	5.303	-14.099	5.303	2030	1460	3490
-14.104	5.403	-14.100	5.406	2050	1800	3850
-14.104	5.503	-14.108	5.503	1940	1430	3370
-14.104	5.603	-14.106	5.603	1570	1620	3190
-14.104	5.703	-14.097	5.705	1760	1920	3680
-14.104	5.803	-14.105	5.805	1790	1710	3500
-14.004	1.803	-14.003	1.803	3090	3290	6380
-14.004	1.903	-14.000	1.900	2780	2830	5610
-14.004	2.003	-14.006	2.005	3050	2760	5810
-14.004	2.103	-14.001	2.100	3180	2550	5730
-14.004	2.203	-14.000	2.196	2880	2850	5730
-14.004	2.303	-14.005	2.302	2540	2260	4800
-14.004	2.403	-14.001	2.402	2540	2380	4920
-14.004	2.503	-14.004	2.500	2310	2420	4730
-14.004	2.603	-14.006	2.602	2410	2620	5030
-14.004	2.703	-14.008	2.701	2120	2140	4260
-14.004	2.803	-13.999	2.801	2450	2540	4990
-14.004	2.903	-14.001	2.901	2300	2330	4630
-14.004	3.003	-14.003	3.002	2210	2530	4740
-14.004	3.103	-14.003	3.106	2360	2220	4580
-14.004	3.203	-14.002	3.205	2420	2270	4690
-14.004	3.303	-13.999	3.302	2550	2500	5050
-14.004	3.403	-14.004	3.406	2920	2580	5500
-14.004	3.503	-14.003	3.503	2650	2730	5380
-14.004	3.603	-14.005	3.604	2640	2710	5350
-14.004	3.703	-14.004	3.699	2920	2890	5810
-14.004	3.803	-14.002	3.802	2910	2980	5890
-14.004	3.903	-14.003	3.898	3080	3350	6430
-14.004	4.003	-14.001	4.003	3000	3180	6180
-14.004	4.103	-14.000	4.110	2860	3030	5890
-14.004	4.203	-14.002	4.202	2920	2730	5650
-14.004	4.303	-14.005	4.299	2590	2510	5100
-14.004	4.403	-14.007	4.403	2920	2590	5510
-14.004	4.503	-14.002	4.505	2300	2100	4400
-14.004	4.603	-14.005	4.600	2160	1990	4150
-14.004	4.703	-14.005	4.706	2350	2130	4480
-14.004	4.803	-14.003	4.804	2200	1890	4090
-14.004	4.903	-14.005	4.904	2110	2040	4150
-14.004	5.003	-13.999	5.003	2140	1720	3860
-14.004	5.103	-14.004	5.104	1960	1930	3890
-14.004	5.203	-14.006	5.197	1960	1800	3760
-14.004	5.303	-14.003	5.300	1880	1760	3640
-14.004	5.403	-14.004	5.399	1620	1810	3430
-14.004	5.503	-14.002	5.503	1800	1780	3580
-14.004	5.603	-14.004	5.607	1840	1970	3810
-14.004	5.703	-14.003	5.704	1760	1700	3460
-14.004	5.803	-14.003	5.802	1940	1750	3690
-13.904	1.803	-13.900	1.803	2960	2520	5480
-13.904	1.903	-13.899	1.904	2420	2390	4810
-13.904	2.003	-13.906	2.005	2680	2170	4850
-13.904	2.103	-13.899	2.103	2560	2590	5150
-13.904	2.203	-13.903	2.206	2560	1960	4520
-13.904	2.303	-13.901	2.301	2610	2190	4800
-13.904	2.403	-13.908	2.404	2540	2380	4920
-13.904	2.503	-13.899	2.503	2310	2560	4870
-13.904	2.603	-13.900	2.600	2320	2070	4390
-13.904	2.703	-13.910	2.705	2580	2180	4760
-13.904	2.803	-13.903	2.808	2670	2260	4930
-13.904	2.903	-13.907	2.905	2480	2530	5010
-13.904	3.003	-13.906	3.001	2480	2240	4720
-13.904	3.103	-13.902	3.100	2410	2510	4920
-13.904	3.203	-13.906	3.205	2000	2160	4160
-13.904	3.303	-13.904	3.302	2260	2320	4580
-13.904	3.403	-13.902	3.407	2930	2540	5470
-13.904	3.503	-13.908	3.503	2810	2190	5000
-13.904	3.603	-13.900	3.605	2790	2500	5290
-13.904	3.703	-13.905	3.704	2430	3000	5430
-13.904	3.803	-13.905	3.808	3150	2940	6090
-13.904	3.903	-13.902	3.905	2780	2580	5360
-13.904	4.003	-13.906	4.002	2640	2780	5420
-13.904	4.103	-13.902	4.100	2820	2400	5220
-13.904	4.203	-13.897	4.201	2820	2640	5460
-13.904	4.303	-13.901	4.301	2570	2600	5170
-13.904	4.403	-13.900	4.397	2670	2340	5010
-13.904	4.503	-13.903	4.501	2620	2390	5010
-13.904	4.603	-13.902	4.608	2450	2380	4830
-13.904	4.703	-13.900	4.705	2140	1840	3980
-13.904	4.803	-13.902	4.801	2130	1950	4080
-13.904	4.903	-13.902	4.901	2060	1970	4030
-13.904	5.003	-13.898	4.999	2080	1700	3780
-13.904	5.103	-13.903	5.106	2070	1730	3800
-13.904	5.203	-13.906	5.200	2040	2050	4090
-13.904	5.303	-13.902	5.304	1760	1800	3560
-13.904	5.403	-13.901	5.405	1860	1750	3610
-13.904	5.503	-13.900	5.503	1980	1800	3780
-13.904	5.603	-13.903	5.610	1990	1670	3660
-13.904	5.703	-13.901	5.698	1780	1730	3510
-13.904	5.803	-13.905	5.801	1570	1530	3100
-13.804	1.803	-13.798	1.800	2960	2760	5720
-13.804	1.903	-13.799	1.901	2890	2860	5750
-13.804	2.003	-13.801	2.006	2860	2680	5540
-13.804	2.103	-13.801	2.105	2750	2570	5320
-13.804	2.203	-13.803	2.205	2610	2660	5270
-13.804	2.303	-13.806	2.304	2430	2140	4570
-13.804	2.403	-13.804	2.400	2530	2420	4950
-13.804	2.503	-13.802	2.499	2390	2190	4580
-13.804	2.603	-13.803	2.602	2400	2130	4530
-13.804	2.703	-13.802	2.707	2080	2430	4510
-13.804	2.803	-13.804	2.804	2250	2150	4400
-13.804	2.903	-13.807	2.902	2340	2370	4710
-13.804	3.003	-13.805	3.003	2430	2340	4770
-13.804	3.103	-13.806	3.101	2110	2220	4330
-13.804	3.203	-13.804	3.206	2630	2250	4880
-13.804	3.303	-13.807	3.305	2380	2290	4670
-13.804	3.403	-13.801	3.400	2480	2330	4810
-13.804	3.503	-13.805	3.503	2500	2150	4650
-13.804	3.603	-13.804	3.598	2660	2340	5000
-13.804	3.703	-13.802	3.704	2640	2880	5520
-13.804	3.803	-13.801	3.804	2800	2670	5470
-13.804	3.903	-13.805	3.903	2620	2600	5220
-13.804	4.003	-13.804	4.006	3030	2760	5790
-13.804	4.103	-13.800	4.100	2430	2360	4790
-13.804	4.203	-13.802	4.203	2590	2690	5280
-13.804	4.303	-13.804	4.308	2660	2660	5320
-13.804	4.403	-13.803	4.401	2450	2610	5060
-13.804	4.503	-13.801	4.504	2070	2580	4650
-13.804	4.603	-13.798	4.600	2220	2170	4390
-13.804	4.703	-13.805	4.702	2090	2040	4130
-13.804	4.803	-13.800	4.809	2460	2220	4680
-13.804	4.903	-13.800	4.900	2140	1960	4100
-13.804	5.003	-13.804	5.005	2060	1860	3920
-13.804	5.103	-13.802	5.101	2110	1920	4030
-13.804	5.203	-13.800	5.204	1970	2010	3980
-13.804	5.303	-13.803	5.306	1970	1670	3640
-13.804	5.403	-13.802	5.402	1800	1820	3620
-13.804	5.503	-13.806	5.506	1570	1670	3240
-13.804	5.603	-13.803	5.603	1790	1670	3460
-13.804	5.703	-13.804	5.701	1740	1580	3320
-13.804	5.803	-13.802	5.803	1690	1600	3290
-13.704	1.803	-13.699	1.810	2590	2540	5130
-13.704	1.903	-13.700	1.902	2800	2520	5320
-13.704	2.003	-13.701	2.000	2830	2430	5260
-13.704	2.103	-13.705	2.098	2640	2410	5050
-13.704	2.203	-13.699	2.207	2530	2620	5150
-13.704	2.303	-13.701	2.309	2710	2330	5040
-13.704	2.403	-13.703	2.408	2650	2270	4920
-13.704	2.503	-13.702	2.504	2560	2250	4810
-13.704	2.603	-13.703	2.610	2260	2200	4460
-13.704	2.703	-13.705	2.708	2490	2140	4630
-13.704	2.803	-13.699	2.804	2280	2210	4490
-13.704	2.903	-13.704	2.900	2480	2170	4650
-13.704	3.003	-13.697	3.004	2160	2210	4370
-13.704	3.103	-13.706	3.097	2400	2360	4760
-13.704	3.203	-13.704	3.203	2440	2230	4670
-13.704	3.303	-13.699	3.307	2530	2290	4820
-13.704	3.403	-13.702	3.405	2680	2120	4800
-13.704	3.503	-13.702	3.505	2190	2370	4560
-13.704	3.603	-13.705	3.602	2640	2690	5330
-13.704	3.703	-13.705	3.700	2660	2520	5180
-13.704	3.803	-13.706	3.803	2680	2390	5070
-13.704	3.903	-13.704	3.905	2660	2600	5260
-13.704	4.003	-13.704	3.998	2800	2490	5290
-13.704	4.103	-13.700	4.098	2400	2020	4420
-13.704	4.203	-13.705	4.206	2190	2320	4510
-13.704	4.303	-13.700	4.302	2300	2260	4560
-13.704	4.403	-13.706	4.406	2390	2100	4490
-13.704	4.503	-13.705	4.502	2410	2360	4770
-13.704	4.603	-13.704	4.612	2290	1930	4220
-13.704	4.703	-13.708	4.706	2100	1880	3980
-13.704	4.803	-13.702	4.799	2120	1630	3750
-13.704	4.903	-13.705	4.906	1860	1910	3770
-13.704	5.003	-13.702	5.001	1870	1680	3550
-13.704	5.103	-13.704	5.097	2090	1640	3730
-13.704	5.203	-13.703	5.203	1860	1730	3590
-13.704	5.303	-13.701	5.303	2010	1700	3710
-13.704	5.403	-13.707	5.401	2000	1450	3450
-13.704	5.503	-13.700	5.506	1870	1730	3600
-13.704	5.603	-13.705	5.600	1810	1740	3550
-13.704	5.703	-13.698	5.705	1680	1460	3140
-13.704	5.803	-13.699	5.800	1920	1710	3630
-13.604	1.803	-13.606	1.800	2920	2670	5590
-13.604	1.903	-13.601	1.906	2560	2640	5200
-13.604	2.003	-13.603	2.003	2950	2720	5670
-13.604	2.103	-13.606	2.103	2580	2520	5100
-13.604	2.203	-13.602	2.202	2590	2100	4690
-13.604	2.303	-13.606	2.301	2470	2210	4680
-13.604	2.403	-13.604	2.401	2840	2020	4860
-13.604	2.503	-13.604	2.506	2400	2440	4840
-13.604	2.603	-13.610	2.610	2350	2540	4890
-13.604	2.703	-13.603	2.702	2270	2280	4550
-13.604	2.803	-13.601	2.802	2280	2400	4680
-13.604	2.903	-13.603	2.902	2280	2150	4430
-13.604	3.003	-13.601	3.001	2270	2110	4380
-13.604	3.103	-13.605	3.103	2440	2210	4650
-13.604	3.203	-13.604	3.199	2430	2220	4650
-13.604	3.303	-13.603	3.302	2300	2020	4320
-13.604	3.403	-13.603	3.400	2390	2430	4820
-13.604	3.503	-13.603	3.509	2180	2080	4260
-13.604	3.603	-13.601	3.602	2580	2500	5080
-13.604	3.703	-13.601	3.701	2240	2740	4980
-13.604	3.803	-13.603	3.805	2290	2130	4420
-13.604	3.903	-13.600	3.907	2440	2350	4790
-13.604	4.003	-13.604	4.002	2370	2610	4980
-13.604	4.103	-13.606	4.107	2390	2440	4830
-13.604	4.203	-13.602	4.199	2600	2320	4920
-13.604	4.303	-13.602	4.305	2450	2060	4510
-13.604	4.403	-13.604	4.404	2550	2130	4680
-13.604	4.503	-13.600	4.505	2650	2430	5080
-13.604	4.603	-13.602	4.602	2400	1920	4320
-13.604	4.703	-13.605	4.705	2260	2180	4440
-13.604	4.803	-13.602	4.802	2300	1970	4270
-13.604	4.903	-13.604	4.901	2040	1890	3930
-13.604	5.003	-13.601	5.004	2080	1660	3740
-13.604	5.103	-13.601	5.099	2040	1780	3820
-13.604	5.203	-13.601	5.201	1900	1920	3820
-13.604	5.303	-13.607	5.294	1890	1800	3690
-13.604	5.403	-13.603	5.399	1780	1620	3400
-13.604	5.503	-13.601	5.499	1850	1600	3450
-13.604	5.603	-13.605	5.607	1870	1500	3370
-13.604	5.703	-13.602	5.703	1820	1480	3300
-13.604	5.803	-13.607	5.802	1690	1740	3430
-13.504	1.803	-13.505	1.801	2770	2550	5320
-13.504	1.903	-13.503	1.903	2830	2900	5730
-13.504	2.003	-13.501	2.001	2450	2350	4800
-13.504	2.103	-13.501	2.099	2730	2060	4790
-13.504	2.203	-13.508	2.200	2600	2670	5270
-13.504	2.303	-13.504	2.302	2550	2520	5070
-13.504	2.403	-13.503	2.403	2560	2560	5120
-13.504	2.503	-13.499	2.504	2500	2220	4720
-13.504	2.603	-13.503	2.603	2400	2240	4640
-13.504	2.703	-13.501	2.708	2480	2190	4670
-13.504	2.803	-13.499	2.802	2470	2200	4670
-13.504	2.903	-13.502	2.901	2390	2120	4510
-13.504	3.003	-13.506	3.001	2490	2460	4950
-13.504	3.103	-13.502	3.105	2470	2300	4770
-13.504	3.203	-13.503	3.206	2380	2530	4910
-13.504	3.303	-13.501	3.299	2820	2360	5180
-13.504	3.403	-13.502	3.403	2260	1950	4210
-13.504	3.503	-13.507	3.501	2400	2350	4750
-13.504	3.603	-13.501	3.604	2480	2360	4840
-13.504	3.703	-13.502	3.700	2550	2010	4560
-13.504	3.803	-13.503	3.803	2300	2500	4800
-13.504	3.903	-13.506	3.905	2530	2100	4630
-13.504	4.003	-13.506	4.006	2430	2170	4600
-13.504	4.103	-13.502	4.111	2540	2570	5110
-13.504	4.203	-13.503	4.203	2390	2550	4940
-13.504	4.303	-13.506	4.302	2470	2440	4910
-13.504	4.403	-13.501	4.405	2360	2210	4570
-13.504	4.503	-13.505	4.506	2570	2410	4980
-13.504	4.603	-13.501	4.599	2300	2330	4630
-13.504	4.703	-13.503	4.708	1990	1870	3860
-13.504	4.803	-13.496	4.800	2120	1840	3960
-13.504	4.903	-13.503	4.899	1900	1690	3590
-13.504	5.003	-13.505	5.004	2040	1840	3880
-13.504	5.103	-13.502	5.099	1980	1550	3530
-13.504	5.203	-13.501	5.205	1940	1550	3490
-13.504	5.303	-13.505	5.303	1700	1870	3570
-13.504	5.403	-13.502	5.406	2060	1750	3810
-13.504	5.503	-13.503	5.505	2030	1950	3980
-13.504	5.603	-13.501	5.606	1990	1840	3830
-13.504	5.703	-13.505	5.706	1750	1540	3290
-13.504	5.803	-13.503	5.800	1800	1460	3260
-13.404	1.803	-13.401	1.807	2970	3150	6120
-13.404	1.903	-13.403	1.909	2290	2130	4420
-13.404	2.003	-13.401	2.004	2830	2110	4940
-13.404	2.103	-13.405	2.106	2290	2140	4430
-13.404	2.203	-13.406	2.206	2350	2070	4420
-13.404	2.303	-13.405	2.302	2390	2330	4720
-13.404	2.403	-13.403	2.402	2400	2080	4480
-13.404	2.503	-13.403	2.500	2500	2130	4630
-13.404	2.603	-13.405	2.603	2510	2510	5020
-13.404	2.703	-13.406	2.706	2360	2320	4680
-13.404	2.803	-13.404	2.802	2520	2140	4660
-13.404	2.903	-13.401	2.904	2240	1920	4160
-13.404	3.003	-13.402	2.999	2550	2530	5080
-13.404	3.103	-13.400	3.100	2460	1970	4430
-13.404	3.203	-13.405	3.201	2330	2170	4500
-13.404	3.303	-13.402	3.305	2400	2140	4540
-13.404	3.403	-13.405	3.400	2270	2000	4270
-13.404	3.503	-13.400	3.504	2360	2190	4550
-13.404	3.603	-13.401	3.598	2490	2290	4780
-13.404	3.703	-13.399	3.703	2250	2370	4620
-13.404	3.803	-13.401	3.802	2330	2620	4950
-13.404	3.903	-13.403	3.900	2400	2100	4500
-13.404	4.003	-13.403	4.006	2440	2450	4890
-13.404	4.103	-13.406	4.099	2270	2230	4500
-13.404	4.203	-13.400	4.208	2190	2150	4340
-13.404	4.303	-13.402	4.301	2260	2160	4420
-13.404	4.403	-13.404	4.403	2330	2260	4590
-13.404	4.503	-13.398	4.504	2130	1990	4120
-13.404	4.603	-13.403	4.604	2010	2120	4130
-13.404	4.703	-13.408	4.702	2250	2160	4410
-13.404	4.803	-13.402	4.805	2360	2050	4410
-13.404	4.903	-13.400	4.907	1940	1740	3680
-13.404	5.003	-13.402	5.001	1780	1940	3720
-13.404	5.103	-13.404	5.104	2010	1650	3660
-13.404	5.203	-13.403	5.203	1830	1800	3630
-13.404	5.303	-13.401	5.305	1930	1900	3830
-13.404	5.403	-13.403	5.406	1720	1520	3240
-13.404	5.503	-13.400	5.502	2070	1680	3750
-13.404	5.603	-13.403	5.598	2050	1710	3760
-13.404	5.703	-13.404	5.704	2100	1830	3930
-13.404	5.803	-13.401	5.801	1770	1570	3340
-13.304	1.803	-13.301	1.803	2760	2750	5510
-13.304	1.903	-13.298	1.909	2720	2240	4960
-13.304	2.003	-13.305	2.002	2620	2580	5200
-13.304	2.103	-13.304	2.106	2540	2550	5090
-13.304	2.203	-13.301	2.200	2730	2360	5090
-13.304	2.303	-13.299	2.303	2150	2230	4380
-13.304	2.403	-13.301	2.397	2240	2080	4320
-13.304	2.503	-13.300	2.503	2550	2240	4790
-13.304	2.603	-13.301	2.604	2590	2390	4980
-13.304	2.703	-13.305	2.708	2320	2080	4400
-13.304	2.803	-13.300	2.800	2500	2350	4850
-13.304	2.903	-13.298	2.905	2440	2180	4620
-13.304	3.003	-13.302	3.000	2300	2050	4350
-13.304	3.103	-13.302	3.101	2370	2150	4520
-13.304	3.203	-13.303	3.204	2160	1910	4070
-13.304	3.303	-13.305	3.303	2390	2140	4530
-13.304	3.403	-13.308	3.401	2420	2080	4500
-13.304	3.503	-13.300	3.500	2110	2060	4170
-13.304	3.603	-13.304	3.599	2330	2430	4760
-13.304	3.703	-13.301	3.705	2300	2170	4470
-13.304	3.803	-13.302	3.807	2420	2140	4560
-13.304	3.903	-13.311	3.900	2680	2180	4860
-13.304	4.003	-13.305	4.006	2130	2380	4510
-13.304	4.103	-13.302	4.104	2470	2490	4960
-13.304	4.203	-13.301	4.201	2180	2010	4190
-13.304	4.303	-13.302	4.308	2230	1970	4200
-13.304	4.403	-13.304	4.403	2340	2130	4470
-13.304	4.503	-13.306	4.504	1920	1700	3620
-13.304	4.603	-13.303	4.603	2160	1820	3980
-13.304	4.703	-13.308	4.703	2030	1990	4020
-13.304	4.803	-13.305	4.803	1880	1890	3770
-13.304	4.903	-13.304	4.902	1860	1960	3820
-13.304	5.003	-13.302	5.007	1910	1950	3860
-13.304	5.103	-13.299	5.107	2280	1890	4170
-13.304	5.203	-13.302	5.202	1810	1950	3760
-13.304	5.303	-13.301	5.302	1690	1450	3140
-13.304	5.403	-13.306	5.404	1870	1690	3560
-13.304	5.503	-13.307	5.505	1700	1860	3560
-13.304	5.603	-13.304	5.603	1780	1760	3540
-13.304	5.703	-13.306	5.701	1840	1700	3540
-13.304	5.803	-13.302	5.799	2010	1660	3670
-13.204	1.803	-13.205	1.802	2580	2230	4810
-13.204	1.903	-13.206	1.902	2640	2300	4940
-13.204	2.003	-13.203	2.001	2470	2160	4630
-13.204	2.103	-13.201	2.100	3020	2620	5640
-13.204	2.203	-13.207	2.202	2450	2420	4870
-13.204	2.303	-13.204	2.305	2560	2460	5020
-13.204	2.403	-13.203	2.401	2240	2330	4570
-13.204	2.503	-13.209	2.507	2590	2010	4600
-13.204	2.603	-13.201	2.607	2490	2170	4660
-13.204	2.703	-13.201	2.707	2290	2090	4380
-13.204	2.803	-13.201	2.805	2220	2010	4230
-13.204	2.903	-13.205	2.897	2240	2160	4400
-13.204	3.003	-13.203	3.003	2550	2220	4770
-13.204	3.103	-13.205	3.105	2410	2410	4820
-13.204	3.203	-13.207	3.205	2340	2000	4340
-13.204	3.303	-13.203	3.303	2320	2050	4370
-13.204	3.403	-13.203	3.404	2590	2150	4740
-13.204	3.503	-13.203	3.502	2100	2150	4250
-13.204	3.603	-13.202	3.605	2480	2410	4890
-13.204	3.703	-13.205	3.704	2280	1980	4260
-13.204	3.803	-13.204	3.797	2430	2310	4740
-13.204	3.903	-13.206	3.906	2230	2430	4660
-13.204	4.003	-13.203	4.002	2680	2230	4910
-13.204	4.103	-13.200	4.105	2280	2040	4320
-13.204	4.203	-13.205	4.204	2060	1800	3860
-13.204	4.303	-13.199	4.302	2130	1950	4080
-13.204	4.403	-13.202	4.400	2440	1920	4360
-13.204	4.503	-13.205	4.507	2110	1660	3770
-13.204	4.603	-13.205	4.603	2170	1900	4070
-13.204	4.703	-13.205	4.706	1570	1600	3170
-13.204	4.803	-13.204	4.798	1950	1950	3900
-13.204	4.903	-13.200	4.900	1810	1620	3430
-13.204	5.003	-13.208	5.005	1820	1540	3360
-13.204	5.103	-13.206	5.098	1780	1530	3310
-13.204	5.203	-13.201	5.206	1810	1660	3470
-13.204	5.303	-13.202	5.303	2090	1910	4000
-13.204	5.403	-13.204	5.401	1660	1650	3310
-13.204	5.503	-13.203	5.501	1950	1580	3530
-13.204	5.603	-13.203	5.606	1780	1510	3290
-13.204	5.703	-13.202	5.707	1690	1710	3400
-13.204	5.803	-13.199	5.798	1890	1790	3680
-13.104	1.803	-13.101	1.806	2210	2720	4930
-13.104	1.903	-13.102	1.902	2740	2280	5020
-13.104	2.003	-13.108	2.003	2660	2670	5330
