# PL Mapping - 2025_07_25_13_46_08
# x_req	y_req	x_act	y_act	count1	count2	total
1.441	3.409	1.441	3.405	1420	1470	2890
1.441	3.609	1.447	3.612	1600	1350	2950
1.441	3.809	1.441	3.806	1430	1290	2720
1.441	4.009	1.438	4.013	1510	1160	2670
1.441	4.209	1.444	4.202	1530	1410	2940
1.441	4.409	1.442	4.406	1450	1240	2690
1.441	4.609	1.442	4.614	1690	1340	3030
1.441	4.809	1.443	4.813	1670	1450	3120
1.441	5.009	1.439	5.016	1400	1160	2560
1.441	5.209	1.442	5.206	1370	1140	2510
1.441	5.409	1.439	5.404	1360	1470	2830
1.441	5.609	1.441	5.613	1470	1300	2770
1.441	5.809	1.441	5.809	1460	1460	2920
1.441	6.009	1.447	6.008	1690	1400	3090
1.441	6.209	1.440	6.218	1530	1680	3210
1.441	6.409	1.442	6.404	1110	1280	2390
1.441	6.609	1.439	6.606	1550	1360	2910
1.441	6.809	1.441	6.805	1690	1340	3030
1.441	7.009	1.441	7.009	1580	1610	3190
1.441	7.209	1.440	7.212	1400	1490	2890
1.441	7.409	1.438	7.406	1590	1660	3250
1.441	7.609	1.441	7.614	1700	1470	3170
1.441	7.809	1.441	7.813	1550	1350	2900
1.441	8.009	1.445	8.007	1260	1180	2440
1.441	8.209	1.443	8.206	1640	1270	2910
1.441	8.409	1.445	8.405	1410	1110	2520
1.441	8.609	1.440	8.611	1440	1150	2590
1.441	8.809	1.439	8.810	1570	1620	3190
1.441	9.009	1.443	9.008	1400	1530	2930
1.441	9.209	1.438	9.212	1360	1280	2640
1.441	9.409	1.438	9.404	1470	1320	2790
1.641	3.409	1.639	3.414	1460	1310	2770
1.641	3.609	1.643	3.611	1300	1380	2680
1.641	3.809	1.639	3.813	1310	1370	2680
1.641	4.009	1.645	4.011	1490	1560	3050
1.641	4.209	1.641	4.205	1670	1380	3050
1.641	4.409	1.638	4.408	1280	1290	2570
1.641	4.609	1.639	4.611	1520	1370	2890
1.641	4.809	1.645	4.811	1220	1610	2830
1.641	5.009	1.639	5.009	1380	1340	2720
1.641	5.209	1.642	5.206	1420	1280	2700
1.641	5.409	1.645	5.413	1460	1520	2980
1.641	5.609	1.642	5.606	1470	1260	2730
1.641	5.809	1.643	5.806	1300	1150	2450
1.641	6.009	1.644	6.009	1640	1580	3220
1.641	6.209	1.638	6.206	1300	1260	2560
1.641	6.409	1.641	6.410	1490	1360	2850
1.641	6.609	1.639	6.605	1570	1420	2990
1.641	6.809	1.641	6.808	1450	1580	3030
1.641	7.009	1.636	7.001	1520	1420	2940
1.641	7.209	1.643	7.209	1490	1200	2690
1.641	7.409	1.637	7.413	1480	1400	2880
1.641	7.609	1.641	7.608	1600	1030	2630
1.641	7.809	1.641	7.810	1380	1400	2780
1.641	8.009	1.642	8.011	1490	1420	2910
1.641	8.209	1.645	8.205	1360	1380	2740
1.641	8.409	1.641	8.406	1350	1480	2830
1.641	8.609	1.643	8.602	1400	1280	2680
1.641	8.809	1.640	8.807	1260	1530	2790
1.641	9.009	1.644	9.011	1340	1250	2590
1.641	9.209	1.639	9.207	1560	1270	2830
1.641	9.409	1.642	9.407	1470	1280	2750
1.841	3.409	1.839	3.400	1460	1590	3050
1.841	3.609	1.844	3.608	1430	1330	2760
1.841	3.809	1.846	3.812	1580	1190	2770
1.841	4.009	1.842	4.008	1350	1450	2800
1.841	4.209	1.845	4.206	1480	1370	2850
1.841	4.409	1.841	4.405	1430	1310	2740
1.841	4.609	1.842	4.610	1330	1290	2620
1.841	4.809	1.836	4.810	1440	1580	3020
1.841	5.009	1.846	5.001	1480	1550	3030
1.841	5.209	1.837	5.199	1740	1310	3050
1.841	5.409	1.840	5.411	1340	1220	2560
1.841	5.609	1.843	5.603	1550	1290	2840
1.841	5.809	1.840	5.806	1440	1280	2720
1.841	6.009	1.841	6.008	1370	1200	2570
1.841	6.209	1.843	6.212	1530	1340	2870
1.841	6.409	1.840	6.414	1380	1320	2700
1.841	6.609	1.837	6.608	1550	1330	2880
1.841	6.809	1.840	6.806	1440	1290	2730
1.841	7.009	1.845	7.011	1300	1420	2720
1.841	7.209	1.836	7.211	1500	1270	2770
1.841	7.409	1.838	7.404	1410	1480	2890
1.841	7.609	1.842	7.620	1430	1500	2930
1.841	7.809	1.837	7.808	1440	1170	2610
1.841	8.009	1.840	8.010	1880	1440	3320
1.841	8.209	1.839	8.208	1510	1310	2820
1.841	8.409	1.840	8.407	1610	1310	2920
1.841	8.609	1.843	8.609	1460	1320	2780
1.841	8.809	1.843	8.805	1370	1370	2740
1.841	9.009	1.840	9.005	1410	1480	2890
1.841	9.209	1.836	9.204	1470	1370	2840
1.841	9.409	1.842	9.408	1390	1340	2730
2.041	3.409	2.045	3.410	1440	1220	2660
2.041	3.609	2.041	3.606	1550	1300	2850
2.041	3.809	2.041	3.808	1390	1300	2690
2.041	4.009	2.041	4.008	1500	1360	2860
2.041	4.209	2.041	4.210	1680	1470	3150
2.041	4.409	2.041	4.410	1530	1430	2960
2.041	4.609	2.040	4.603	1510	1480	2990
2.041	4.809	2.039	4.814	1180	1230	2410
2.041	5.009	2.039	5.008	1280	1290	2570
2.041	5.209	2.042	5.201	1420	1270	2690
2.041	5.409	2.042	5.403	1430	1360	2790
2.041	5.609	2.040	5.604	1470	1390	2860
2.041	5.809	2.044	5.808	1500	1330	2830
2.041	6.009	2.043	6.009	1480	1230	2710
2.041	6.209	2.043	6.207	1680	1420	3100
2.041	6.409	2.041	6.409	1380	1480	2860
2.041	6.609	2.040	6.607	1270	1430	2700
2.041	6.809	2.046	6.811	1450	1320	2770
2.041	7.009	2.037	7.010	1340	1350	2690
2.041	7.209	2.041	7.208	1680	1310	2990
2.041	7.409	2.042	7.406	1600	1440	3040
2.041	7.609	2.037	7.606	1590	1300	2890
2.041	7.809	2.041	7.811	1570	1420	2990
2.041	8.009	2.042	8.010	1340	1280	2620
2.041	8.209	2.042	8.203	1540	1430	2970
2.041	8.409	2.041	8.410	1540	1520	3060
2.041	8.609	2.039	8.609	1360	1240	2600
2.041	8.809	2.042	8.810	1460	1320	2780
2.041	9.009	2.042	9.011	1520	1330	2850
2.041	9.209	2.039	9.209	1470	1020	2490
2.041	9.409	2.045	9.407	1480	1420	2900
2.241	3.409	2.241	3.408	1530	1160	2690
2.241	3.609	2.237	3.618	1410	1180	2590
2.241	3.809	2.241	3.805	1390	990	2380
2.241	4.009	2.240	4.003	1240	1430	2670
2.241	4.209	2.237	4.213	1600	1590	3190
2.241	4.409	2.242	4.409	1460	1220	2680
2.241	4.609	2.243	4.603	1380	1190	2570
2.241	4.809	2.242	4.813	1660	1420	3080
2.241	5.009	2.239	5.010	1530	1400	2930
2.241	5.209	2.244	5.211	1240	1170	2410
2.241	5.409	2.241	5.406	1220	1270	2490
2.241	5.609	2.240	5.611	1380	1510	2890
2.241	5.809	2.242	5.810	1490	1410	2900
2.241	6.009	2.239	6.010	1340	1320	2660
2.241	6.209	2.244	6.218	1410	1350	2760
2.241	6.409	2.243	6.405	1140	1240	2380
2.241	6.609	2.240	6.604	1380	1180	2560
2.241	6.809	2.243	6.806	1210	1210	2420
2.241	7.009	2.242	7.009	1330	1210	2540
2.241	7.209	2.242	7.202	1180	1310	2490
2.241	7.409	2.244	7.410	1260	1370	2630
2.241	7.609	2.240	7.611	1380	1440	2820
2.241	7.809	2.241	7.808	1350	1320	2670
2.241	8.009	2.243	8.005	1430	1330	2760
2.241	8.209	2.239	8.207	1570	1270	2840
2.241	8.409	2.239	8.404	1360	1250	2610
2.241	8.609	2.243	8.611	1290	1370	2660
2.241	8.809	2.244	8.810	1500	1380	2880
2.241	9.009	2.240	9.014	1570	1190	2760
2.241	9.209	2.244	9.210	1460	1310	2770
2.241	9.409	2.246	9.414	1330	1230	2560
2.441	3.409	2.444	3.407	1470	1070	2540
2.441	3.609	2.442	3.612	1370	1150	2520
2.441	3.809	2.443	3.812	1210	1140	2350
2.441	4.009	2.441	4.008	1240	1300	2540
2.441	4.209	2.438	4.202	1610	1260	2870
2.441	4.409	2.444	4.404	1260	1390	2650
2.441	4.609	2.441	4.608	1520	1430	2950
2.441	4.809	2.445	4.808	1450	1450	2900
2.441	5.009	2.443	5.010	1550	1220	2770
2.441	5.209	2.444	5.208	1570	1510	3080
2.441	5.409	2.439	5.409	1380	1440	2820
2.441	5.609	2.442	5.608	1270	1120	2390
2.441	5.809	2.437	5.812	1400	1490	2890
2.441	6.009	2.443	6.002	1350	1290	2640
2.441	6.209	2.442	6.207	1530	1230	2760
2.441	6.409	2.442	6.416	1330	1360	2690
2.441	6.609	2.440	6.611	1430	1240	2670
2.441	6.809	2.443	6.812	1510	1310	2820
2.441	7.009	2.440	7.010	1330	1450	2780
2.441	7.209	2.439	7.206	1280	1090	2370
2.441	7.409	2.443	7.411	1400	1240	2640
2.441	7.609	2.441	7.606	1590	1260	2850
2.441	7.809	2.442	7.807	1560	1460	3020
2.441	8.009	2.439	8.005	1540	1280	2820
2.441	8.209	2.441	8.209	1450	1410	2860
2.441	8.409	2.444	8.407	1490	1410	2900
2.441	8.609	2.441	8.607	1430	1650	3080
2.441	8.809	2.440	8.813	1490	1430	2920
2.441	9.009	2.437	9.011	1410	1170	2580
2.441	9.209	2.442	9.209	1260	1440	2700
2.441	9.409	2.443	9.414	1550	1280	2830
2.641	3.409	2.640	3.408	1280	1320	2600
2.641	3.609	2.642	3.613	1550	1270	2820
2.641	3.809	2.640	3.801	1490	1350	2840
2.641	4.009	2.642	4.008	1490	1200	2690
2.641	4.209	2.640	4.210	1400	1270	2670
2.641	4.409	2.640	4.410	1360	1160	2520
2.641	4.609	2.645	4.604	1700	1070	2770
2.641	4.809	2.640	4.810	1510	1220	2730
2.641	5.009	2.643	5.013	1550	1260	2810
2.641	5.209	2.645	5.212	1230	1320	2550
2.641	5.409	2.638	5.410	1250	1200	2450
2.641	5.609	2.640	5.606	1580	1250	2830
2.641	5.809	2.638	5.808	1150	1270	2420
2.641	6.009	2.643	6.003	1340	1220	2560
2.641	6.209	2.642	6.209	1400	1230	2630
2.641	6.409	2.640	6.405	1320	1260	2580
2.641	6.609	2.640	6.606	1520	1190	2710
2.641	6.809	2.647	6.811	1380	1180	2560
2.641	7.009	2.643	7.003	1320	1270	2590
2.641	7.209	2.642	7.208	1290	1250	2540
2.641	7.409	2.641	7.406	1430	1010	2440
2.641	7.609	2.643	7.605	1390	1100	2490
2.641	7.809	2.637	7.816	1530	1180	2710
2.641	8.009	2.640	8.010	1540	1400	2940
2.641	8.209	2.640	8.212	1350	1380	2730
2.641	8.409	2.640	8.407	1620	1420	3040
2.641	8.609	2.639	8.610	1460	1370	2830
2.641	8.809	2.644	8.806	1370	1590	2960
2.641	9.009	2.643	9.004	1590	1260	2850
2.641	9.209	2.639	9.202	1230	1440	2670
2.641	9.409	2.637	9.396	1500	1480	2980
2.841	3.409	2.841	3.404	1460	1400	2860
2.841	3.609	2.839	3.605	1250	1260	2510
2.841	3.809	2.846	3.808	1510	1300	2810
2.841	4.009	2.840	4.010	1240	1500	2740
2.841	4.209	2.845	4.213	1400	1250	2650
2.841	4.409	2.844	4.405	1290	1340	2630
2.841	4.609	2.844	4.612	1250	1230	2480
2.841	4.809	2.840	4.804	1340	1310	2650
2.841	5.009	2.844	5.007	1560	1350	2910
2.841	5.209	2.839	5.209	1380	1220	2600
2.841	5.409	2.839	5.408	1300	1130	2430
2.841	5.609	2.843	5.606	1500	1500	3000
2.841	5.809	2.841	5.808	1450	1240	2690
2.841	6.009	2.844	6.013	1420	1030	2450
2.841	6.209	2.842	6.208	1580	1510	3090
2.841	6.409	2.841	6.410	1390	1310	2700
2.841	6.609	2.844	6.614	1260	1400	2660
2.841	6.809	2.838	6.812	1350	1200	2550
2.841	7.009	2.843	7.008	1220	1210	2430
2.841	7.209	2.841	7.208	1240	1240	2480
2.841	7.409	2.841	7.409	1380	1430	2810
2.841	7.609	2.842	7.605	1390	1100	2490
2.841	7.809	2.844	7.805	1480	1490	2970
2.841	8.009	2.841	8.010	1560	1380	2940
2.841	8.209	2.840	8.209	1480	1520	3000
2.841	8.409	2.841	8.411	1680	1350	3030
2.841	8.609	2.837	8.606	1480	1500	2980
2.841	8.809	2.843	8.807	1650	1330	2980
2.841	9.009	2.842	9.008	1370	1430	2800
2.841	9.209	2.840	9.205	1490	1560	3050
2.841	9.409	2.842	9.406	1320	1450	2770
3.041	3.409	3.038	3.404	1290	1260	2550
3.041	3.609	3.038	3.604	1440	1410	2850
3.041	3.809	3.041	3.814	1560	1340	2900
3.041	4.009	3.047	4.011	1280	1280	2560
3.041	4.209	3.040	4.208	1560	1180	2740
3.041	4.409	3.040	4.409	1000	1500	2500
3.041	4.609	3.042	4.609	1250	1410	2660
3.041	4.809	3.042	4.804	1590	1060	2650
3.041	5.009	3.038	5.014	1360	1190	2550
3.041	5.209	3.038	5.210	1380	1370	2750
3.041	5.409	3.047	5.410	1280	1250	2530
3.041	5.609	3.041	5.610	1160	1090	2250
3.041	5.809	3.038	5.811	1610	1330	2940
3.041	6.009	3.040	6.011	1240	1060	2300
3.041	6.209	3.037	6.206	1320	1180	2500
3.041	6.409	3.043	6.407	1370	1180	2550
3.041	6.609	3.041	6.601	1300	1420	2720
3.041	6.809	3.044	6.813	1260	1430	2690
3.041	7.009	3.043	7.011	1360	1070	2430
3.041	7.209	3.040	7.205	1580	1370	2950
3.041	7.409	3.039	7.411	1500	1290	2790
3.041	7.609	3.040	7.601	1360	1240	2600
3.041	7.809	3.036	7.805	1500	1390	2890
3.041	8.009	3.039	8.014	1360	1300	2660
3.041	8.209	3.040	8.206	1460	1110	2570
3.041	8.409	3.040	8.410	1490	1370	2860
3.041	8.609	3.038	8.611	1700	1200	2900
3.041	8.809	3.043	8.811	1440	1500	2940
3.041	9.009	3.041	9.002	1410	1190	2600
3.041	9.209	3.039	9.204	1390	1420	2810
3.041	9.409	3.044	9.410	1470	1320	2790
3.241	3.409	3.241	3.412	1570	1260	2830
3.241	3.609	3.244	3.612	1530	1250	2780
3.241	3.809	3.239	3.800	1490	1300	2790
3.241	4.009	3.241	4.008	1400	1140	2540
3.241	4.209	3.238	4.213	1210	1210	2420
3.241	4.409	3.243	4.401	1310	1310	2620
3.241	4.609	3.243	4.614	1330	1240	2570
3.241	4.809	3.243	4.804	1490	1220	2710
3.241	5.009	3.241	5.015	1390	1150	2540
3.241	5.209	3.236	5.207	1400	1380	2780
3.241	5.409	3.237	5.410	1410	1410	2820
3.241	5.609	3.244	5.606	1460	1160	2620
3.241	5.809	3.242	5.807	1400	1260	2660
3.241	6.009	3.242	6.013	1230	1070	2300
3.241	6.209	3.245	6.201	1260	1110	2370
3.241	6.409	3.243	6.406	1410	1200	2610
3.241	6.609	3.244	6.607	1360	1430	2790
3.241	6.809	3.240	6.809	1440	1110	2550
3.241	7.009	3.240	7.007	1310	1580	2890
3.241	7.209	3.242	7.210	1310	1260	2570
3.241	7.409	3.245	7.408	1390	1170	2560
3.241	7.609	3.236	7.611	1420	1240	2660
3.241	7.809	3.239	7.815	1490	1370	2860
3.241	8.009	3.244	8.002	1320	1250	2570
3.241	8.209	3.241	8.208	1430	1360	2790
3.241	8.409	3.239	8.412	1420	1590	3010
3.241	8.609	3.243	8.606	1630	1430	3060
3.241	8.809	3.241	8.807	1620	1370	2990
3.241	9.009	3.242	9.010	1560	1370	2930
3.241	9.209	3.244	9.208	1320	1300	2620
3.241	9.409	3.244	9.408	1500	1450	2950
3.441	3.409	3.439	3.409	1530	1460	2990
3.441	3.609	3.440	3.604	1330	1330	2660
3.441	3.809	3.441	3.805	1440	1210	2650
3.441	4.009	3.441	4.010	1350	1250	2600
3.441	4.209	3.444	4.209	1260	1240	2500
3.441	4.409	3.442	4.417	1490	1170	2660
3.441	4.609	3.441	4.608	1560	1010	2570
3.441	4.809	3.439	4.810	1180	1300	2480
3.441	5.009	3.440	5.009	1360	1370	2730
3.441	5.209	3.440	5.207	1290	1110	2400
3.441	5.409	3.446	5.407	1380	1200	2580
3.441	5.609	3.441	5.613	1360	1150	2510
3.441	5.809	3.442	5.814	1370	1290	2660
3.441	6.009	3.440	6.012	1390	1150	2540
3.441	6.209	3.439	6.210	1650	1240	2890
3.441	6.409	3.441	6.413	1460	1250	2710
3.441	6.609	3.439	6.602	1290	1330	2620
3.441	6.809	3.439	6.813	1350	1320	2670
3.441	7.009	3.442	7.004	1570	1160	2730
3.441	7.209	3.439	7.207	1340	1430	2770
3.441	7.409	3.436	7.406	1330	1130	2460
3.441	7.609	3.440	7.614	1490	1290	2780
3.441	7.809	3.444	7.807	1410	1320	2730
3.441	8.009	3.443	8.006	1440	1400	2840
3.441	8.209	3.440	8.211	1440	1150	2590
3.441	8.409	3.440	8.403	1650	1520	3170
3.441	8.609	3.440	8.601	1500	1570	3070
3.441	8.809	3.439	8.805	1490	1530	3020
3.441	9.009	3.443	9.009	1370	1540	2910
3.441	9.209	3.442	9.208	1480	1280	2760
3.441	9.409	3.442	9.407	1400	1330	2730
3.641	3.409	3.645	3.407	1530	1280	2810
3.641	3.609	3.643	3.608	1510	1220	2730
3.641	3.809	3.641	3.808	1580	1190	2770
3.641	4.009	3.639	4.010	1310	1280	2590
3.641	4.209	3.641	4.212	1170	1310	2480
3.641	4.409	3.643	4.406	1210	1210	2420
3.641	4.609	3.641	4.610	1410	1210	2620
3.641	4.809	3.647	4.809	1370	1240	2610
3.641	5.009	3.643	5.007	1320	1410	2730
3.641	5.209	3.643	5.200	1430	1010	2440
3.641	5.409	3.638	5.411	1330	1230	2560
3.641	5.609	3.642	5.611	1330	1130	2460
3.641	5.809	3.639	5.807	1240	1390	2630
3.641	6.009	3.642	6.012	1630	1230	2860
3.641	6.209	3.640	6.208	1350	1580	2930
3.641	6.409	3.639	6.403	1220	1330	2550
3.641	6.609	3.645	6.611	1330	1280	2610
3.641	6.809	3.641	6.810	1490	1340	2830
3.641	7.009	3.640	7.009	1300	1160	2460
3.641	7.209	3.639	7.207	1530	1340	2870
3.641	7.409	3.641	7.415	1310	1040	2350
3.641	7.609	3.640	7.608	1640	1250	2890
3.641	7.809	3.641	7.807	1390	1210	2600
3.641	8.009	3.640	8.005	1280	1470	2750
3.641	8.209	3.644	8.213	1490	1410	2900
3.641	8.409	3.640	8.406	1510	1400	2910
3.641	8.609	3.643	8.609	1600	1280	2880
3.641	8.809	3.640	8.803	1560	1440	3000
3.641	9.009	3.639	9.006	1540	1310	2850
3.641	9.209	3.643	9.210	1520	1530	3050
3.641	9.409	3.641	9.404	1400	1230	2630
3.841	3.409	3.844	3.410	1590	1280	2870
3.841	3.609	3.841	3.607	1420	1210	2630
3.841	3.809	3.844	3.809	1290	1290	2580
3.841	4.009	3.841	4.007	1350	1310	2660
3.841	4.209	3.840	4.207	1220	1270	2490
3.841	4.409	3.839	4.404	1360	1300	2660
3.841	4.609	3.845	4.605	1430	1190	2620
3.841	4.809	3.838	4.807	1180	1350	2530
3.841	5.009	3.842	5.009	1630	1120	2750
3.841	5.209	3.842	5.211	1400	1290	2690
3.841	5.409	3.837	5.405	1360	1260	2620
3.841	5.609	3.838	5.607	1350	1320	2670
3.841	5.809	3.839	5.807	1190	1380	2570
3.841	6.009	3.843	6.007	1390	1280	2670
3.841	6.209	3.842	6.204	1400	1370	2770
3.841	6.409	3.843	6.405	1180	1160	2340
3.841	6.609	3.839	6.602	1650	1610	3260
3.841	6.809	3.839	6.808	1490	1470	2960
3.841	7.009	3.844	7.012	1430	1440	2870
3.841	7.209	3.839	7.203	1510	1120	2630
3.841	7.409	3.843	7.416	1310	1270	2580
3.841	7.609	3.844	7.610	1330	1220	2550
3.841	7.809	3.833	7.816	1480	1160	2640
3.841	8.009	3.843	8.017	1520	1320	2840
3.841	8.209	3.843	8.197	1420	1250	2670
3.841	8.409	3.838	8.405	1460	1290	2750
3.841	8.609	3.840	8.609	1510	1250	2760
3.841	8.809	3.840	8.812	1490	1170	2660
3.841	9.009	3.842	9.009	1440	1470	2910
3.841	9.209	3.841	9.207	1680	1310	2990
3.841	9.409	3.842	9.407	1400	1790	3190
4.041	3.409	4.047	3.408	1420	1220	2640
4.041	3.609	4.039	3.609	1410	1390	2800
4.041	3.809	4.043	3.805	1540	1280	2820
4.041	4.009	4.042	4.007	1360	1150	2510
4.041	4.209	4.039	4.209	1460	1080	2540
4.041	4.409	4.041	4.406	1580	1250	2830
4.041	4.609	4.039	4.615	1350	1190	2540
4.041	4.809	4.041	4.809	1270	1370	2640
4.041	5.009	4.043	5.010	1230	1120	2350
4.041	5.209	4.041	5.210	1220	1230	2450
4.041	5.409	4.047	5.409	1450	1530	2980
4.041	5.609	4.039	5.608	1430	1150	2580
4.041	5.809	4.041	5.808	1340	1300	2640
4.041	6.009	4.041	6.003	1410	1340	2750
4.041	6.209	4.044	6.198	1460	1350	2810
4.041	6.409	4.039	6.404	1580	1530	3110
4.041	6.609	4.041	6.609	1520	1230	2750
4.041	6.809	4.040	6.807	1420	1220	2640
4.041	7.009	4.040	7.009	1530	1470	3000
4.041	7.209	4.039	7.213	1360	1410	2770
4.041	7.409	4.042	7.409	1630	1460	3090
4.041	7.609	4.041	7.611	1440	1460	2900
4.041	7.809	4.037	7.814	1570	1250	2820
4.041	8.009	4.044	8.010	1290	1190	2480
4.041	8.209	4.039	8.209	1450	1020	2470
4.041	8.409	4.040	8.405	1380	1080	2460
4.041	8.609	4.043	8.609	1330	1290	2620
4.041	8.809	4.039	8.810	1460	1500	2960
4.041	9.009	4.040	9.005	1340	1320	2660
4.041	9.209	4.042	9.211	1490	1350	2840
4.041	9.409	4.041	9.406	1630	1280	2910
4.241	3.409	4.239	3.408	1350	1270	2620
4.241	3.609	4.243	3.606	1410	1380	2790
4.241	3.809	4.239	3.805	1550	1150	2700
4.241	4.009	4.239	4.012	1480	1260	2740
4.241	4.209	4.242	4.210	1300	1330	2630
4.241	4.409	4.240	4.409	1290	1300	2590
4.241	4.609	4.241	4.607	1220	1230	2450
4.241	4.809	4.244	4.814	1240	1040	2280
4.241	5.009	4.241	5.006	1380	1240	2620
4.241	5.209	4.241	5.206	1500	1270	2770
4.241	5.409	4.241	5.408	1640	1250	2890
4.241	5.609	4.241	5.613	1400	1390	2790
4.241	5.809	4.239	5.809	1910	1450	3360
4.241	6.009	4.235	6.015	1660	1490	3150
4.241	6.209	4.239	6.205	1690	1780	3470
4.241	6.409	4.236	6.403	1740	1850	3590
4.241	6.609	4.242	6.612	1500	1740	3240
4.241	6.809	4.242	6.807	1460	1550	3010
4.241	7.009	4.240	7.012	1470	1350	2820
4.241	7.209	4.242	7.208	1350	1400	2750
4.241	7.409	4.243	7.410	1360	1060	2420
4.241	7.609	4.240	7.607	1430	1220	2650
4.241	7.809	4.241	7.807	1370	1150	2520
4.241	8.009	4.244	8.008	1370	1160	2530
4.241	8.209	4.245	8.207	1520	1240	2760
4.241	8.409	4.239	8.408	1370	1270	2640
4.241	8.609	4.242	8.607	1400	1190	2590
4.241	8.809	4.239	8.803	1410	1280	2690
4.241	9.009	4.240	9.012	1370	1350	2720
4.241	9.209	4.239	9.213	1420	1240	2660
4.241	9.409	4.241	9.406	1500	1380	2880
4.441	3.409	4.440	3.404	1200	1140	2340
4.441	3.609	4.442	3.616	1430	1250	2680
4.441	3.809	4.440	3.803	1560	1260	2820
4.441	4.009	4.440	4.010	1220	1220	2440
4.441	4.209	4.441	4.208	1290	1360	2650
4.441	4.409	4.440	4.405	1420	1040	2460
4.441	4.609	4.442	4.610	1390	1300	2690
4.441	4.809	4.443	4.804	1310	1260	2570
4.441	5.009	4.442	5.006	1440	1330	2770
4.441	5.209	4.442	5.204	1570	1230	2800
4.441	5.409	4.442	5.417	1530	1420	2950
4.441	5.609	4.439	5.613	1590	1380	2970
4.441	5.809	4.437	5.810	1600	1340	2940
4.441	6.009	4.439	6.002	2110	1950	4060
4.441	6.209	4.443	6.211	2270	1620	3890
4.441	6.409	4.443	6.407	1980	2000	3980
4.441	6.609	4.446	6.610	2070	1780	3850
4.441	6.809	4.438	6.809	1460	1940	3400
4.441	7.009	4.443	7.015	1620	1070	2690
4.441	7.209	4.441	7.204	1280	1550	2830
4.441	7.409	4.441	7.412	1570	1190	2760
4.441	7.609	4.442	7.612	1500	1280	2780
4.441	7.809	4.439	7.809	1360	1370	2730
4.441	8.009	4.437	8.005	1470	970	2440
4.441	8.209	4.443	8.204	1350	1090	2440
4.441	8.409	4.441	8.409	1350	1390	2740
4.441	8.609	4.439	8.607	1380	1320	2700
4.441	8.809	4.444	8.804	1440	1290	2730
4.441	9.009	4.446	9.006	1520	1240	2760
4.441	9.209	4.437	9.207	1400	1470	2870
4.441	9.409	4.440	9.410	1550	1810	3360
4.641	3.409	4.639	3.415	1490	1220	2710
4.641	3.609	4.639	3.609	1460	1260	2720
4.641	3.809	4.643	3.810	1520	1200	2720
4.641	4.009	4.639	4.005	1310	1130	2440
4.641	4.209	4.647	4.212	1330	1490	2820
4.641	4.409	4.639	4.408	1370	1270	2640
4.641	4.609	4.640	4.612	1390	1190	2580
4.641	4.809	4.643	4.810	1460	1270	2730
4.641	5.009	4.642	5.016	1480	1370	2850
4.641	5.209	4.639	5.211	1270	1270	2540
4.641	5.409	4.641	5.411	1470	1480	2950
4.641	5.609	4.641	5.612	1570	1720	3290
4.641	5.809	4.643	5.807	1720	1580	3300
4.641	6.009	4.641	6.008	2290	1950	4240
4.641	6.209	4.643	6.214	2140	2290	4430
4.641	6.409	4.647	6.409	2260	1930	4190
4.641	6.609	4.640	6.607	2060	1780	3840
4.641	6.809	4.640	6.805	1410	1520	2930
4.641	7.009	4.639	7.005	1410	1710	3120
4.641	7.209	4.642	7.206	1530	1280	2810
4.641	7.409	4.640	7.409	1380	1300	2680
4.641	7.609	4.642	7.605	1330	1360	2690
4.641	7.809	4.640	7.805	1480	1300	2780
4.641	8.009	4.645	8.010	1470	1270	2740
4.641	8.209	4.643	8.211	1160	1220	2380
4.641	8.409	4.641	8.405	1540	1380	2920
4.641	8.609	4.640	8.605	1190	1240	2430
4.641	8.809	4.642	8.814	1600	1300	2900
4.641	9.009	4.640	9.011	1440	1240	2680
4.641	9.209	4.645	9.206	1490	1390	2880
4.641	9.409	4.637	9.409	1350	1270	2620
4.841	3.409	4.842	3.409	1500	1090	2590
4.841	3.609	4.837	3.603	1410	1230	2640
4.841	3.809	4.839	3.813	1630	1260	2890
4.841	4.009	4.840	4.008	1370	1150	2520
4.841	4.209	4.841	4.207	1280	1280	2560
4.841	4.409	4.844	4.412	1410	1490	2900
4.841	4.609	4.835	4.609	1340	1320	2660
4.841	4.809	4.839	4.815	1300	1110	2410
4.841	5.009	4.839	5.004	1360	1220	2580
4.841	5.209	4.841	5.211	1560	1140	2700
4.841	5.409	4.841	5.410	1370	1330	2700
4.841	5.609	4.841	5.604	1420	1520	2940
4.841	5.809	4.843	5.806	1460	1590	3050
4.841	6.009	4.841	6.004	1720	1760	3480
4.841	6.209	4.839	6.213	1670	1920	3590
4.841	6.409	4.840	6.408	1980	1800	3780
4.841	6.609	4.842	6.611	1430	1410	2840
4.841	6.809	4.844	6.806	1750	1560	3310
4.841	7.009	4.840	7.009	1330	1120	2450
4.841	7.209	4.843	7.212	1530	1390	2920
4.841	7.409	4.841	7.410	1460	1260	2720
4.841	7.609	4.835	7.604	1410	1390	2800
4.841	7.809	4.842	7.801	1380	1110	2490
4.841	8.009	4.844	8.009	1450	1390	2840
4.841	8.209	4.845	8.212	1260	1190	2450
4.841	8.409	4.845	8.406	1590	1250	2840
4.841	8.609	4.837	8.608	1400	1580	2980
4.841	8.809	4.840	8.808	1550	1330	2880
4.841	9.009	4.842	9.011	1350	1460	2810
4.841	9.209	4.847	9.210	1340	1200	2540
4.841	9.409	4.840	9.405	1320	1310	2630
5.041	3.409	5.040	3.406	1290	1190	2480
5.041	3.609	5.038	3.606	1230	1240	2470
5.041	3.809	5.039	3.810	1400	1160	2560
5.041	4.009	5.036	4.017	1390	1270	2660
5.041	4.209	5.046	4.208	1330	1070	2400
5.041	4.409	5.044	4.405	1380	1160	2540
5.041	4.609	5.040	4.609	1230	1090	2320
5.041	4.809	5.040	4.809	1280	1160	2440
5.041	5.009	5.041	5.012	1400	1250	2650
5.041	5.209	5.037	5.207	1420	1230	2650
5.041	5.409	5.042	5.413	1550	1310	2860
5.041	5.609	5.042	5.607	1510	1130	2640
5.041	5.809	5.040	5.806	1560	1390	2950
5.041	6.009	5.037	6.009	1450	1710	3160
5.041	6.209	5.040	6.206	1880	1610	3490
5.041	6.409	5.040	6.415	1680	1350	3030
5.041	6.609	5.040	6.617	1580	1670	3250
5.041	6.809	5.039	6.809	1550	1060	2610
5.041	7.009	5.042	7.002	1390	1420	2810
5.041	7.209	5.042	7.215	1380	1270	2650
5.041	7.409	5.044	7.408	1460	1230	2690
5.041	7.609	5.039	7.614	1430	1060	2490
5.041	7.809	5.044	7.803	1390	1320	2710
5.041	8.009	5.039	8.008	1430	1090	2520
5.041	8.209	5.041	8.210	1540	1090	2630
5.041	8.409	5.040	8.405	1510	1030	2540
5.041	8.609	5.039	8.609	1450	1310	2760
5.041	8.809	5.040	8.809	1170	1410	2580
5.041	9.009	5.040	9.005	1570	1180	2750
5.041	9.209	5.045	9.206	1410	1160	2570
5.041	9.409	5.043	9.409	1470	1450	2920
5.241	3.409	5.236	3.407	1370	1250	2620
5.241	3.609	5.241	3.610	1370	1100	2470
5.241	3.809	5.239	3.811	1240	1320	2560
5.241	4.009	5.237	4.009	1220	1250	2470
5.241	4.209	5.239	4.207	1450	1230	2680
5.241	4.409	5.240	4.407	1320	1250	2570
5.241	4.609	5.244	4.614	1420	1270	2690
5.241	4.809	5.243	4.805	1450	1250	2700
5.241	5.009	5.240	5.003	1390	1220	2610
5.241	5.209	5.248	5.213	1300	1420	2720
5.241	5.409	5.242	5.412	1340	1170	2510
5.241	5.609	5.239	5.609	1390	1170	2560
5.241	5.809	5.241	5.807	1540	1230	2770
5.241	6.009	5.242	6.007	1510	1550	3060
5.241	6.209	5.243	6.210	1600	1670	3270
5.241	6.409	5.242	6.406	1470	1280	2750
5.241	6.609	5.242	6.611	1630	1530	3160
5.241	6.809	5.237	6.812	1490	1250	2740
5.241	7.009	5.242	7.006	1390	1360	2750
5.241	7.209	5.241	7.212	1590	1020	2610
5.241	7.409	5.240	7.408	1410	1280	2690
5.241	7.609	5.241	7.613	1310	1310	2620
5.241	7.809	5.239	7.808	1460	1270	2730
5.241	8.009	5.242	8.008	1420	1130	2550
5.241	8.209	5.247	8.214	1620	1070	2690
5.241	8.409	5.243	8.412	1270	1290	2560
5.241	8.609	5.246	8.608	1460	1210	2670
5.241	8.809	5.242	8.808	1570	1300	2870
5.241	9.009	5.240	9.009	1410	1360	2770
5.241	9.209	5.239	9.207	1430	1400	2830
5.241	9.409	5.239	9.404	1290	1360	2650
5.441	3.409	5.442	3.404	1300	1180	2480
5.441	3.609	5.440	3.605	1600	1210	2810
5.441	3.809	5.438	3.802	1450	1170	2620
5.441	4.009	5.440	4.016	1400	1220	2620
5.441	4.209	5.441	4.212	1350	1370	2720
5.441	4.409	5.443	4.411	1360	1290	2650
5.441	4.609	5.439	4.606	1320	1150	2470
5.441	4.809	5.441	4.808	1510	1210	2720
5.441	5.009	5.438	5.008	1350	1250	2600
5.441	5.209	5.443	5.210	1450	1390	2840
5.441	5.409	5.442	5.406	1400	1350	2750
5.441	5.609	5.438	5.605	1480	1360	2840
5.441	5.809	5.442	5.806	1020	1150	2170
5.441	6.009	5.439	6.008	1200	1380	2580
5.441	6.209	5.440	6.212	1480	1560	3040
5.441	6.409	5.442	6.405	1610	1270	2880
5.441	6.609	5.442	6.612	1700	1550	3250
5.441	6.809	5.436	6.804	1480	1240	2720
5.441	7.009	5.440	7.010	1270	1250	2520
5.441	7.209	5.444	7.205	1400	1210	2610
5.441	7.409	5.440	7.409	1390	1270	2660
5.441	7.609	5.439	7.604	1360	1350	2710
5.441	7.809	5.443	7.811	1450	1190	2640
5.441	8.009	5.440	8.014	1190	1350	2540
5.441	8.209	5.441	8.204	1270	1330	2600
5.441	8.409	5.441	8.405	1330	1330	2660
5.441	8.609	5.438	8.604	1590	1380	2970
5.441	8.809	5.444	8.802	1370	1260	2630
5.441	9.009	5.438	9.015	1170	1250	2420
5.441	9.209	5.442	9.200	1450	1160	2610
5.441	9.409	5.441	9.412	1300	1350	2650
5.641	3.409	5.638	3.413	1420	1290	2710
5.641	3.609	5.645	3.607	1330	1190	2520
5.641	3.809	5.640	3.812	1420	1210	2630
5.641	4.009	5.645	4.012	1210	1450	2660
5.641	4.209	5.637	4.211	1430	1310	2740
5.641	4.409	5.641	4.407	1340	1190	2530
5.641	4.609	5.642	4.609	1370	1330	2700
5.641	4.809	5.643	4.811	1340	1240	2580
5.641	5.009	5.640	5.009	1550	1290	2840
5.641	5.209	5.644	5.206	1270	1020	2290
5.641	5.409	5.638	5.407	1400	1330	2730
5.641	5.609	5.643	5.617	1450	1470	2920
5.641	5.809	5.640	5.807	1290	1260	2550
5.641	6.009	5.642	6.015	1390	1300	2690
5.641	6.209	5.639	6.206	1380	1290	2670
5.641	6.409	5.645	6.409	1620	1300	2920
5.641	6.609	5.642	6.607	1520	1270	2790
5.641	6.809	5.644	6.805	1330	1340	2670
5.641	7.009	5.639	7.015	1500	1150	2650
5.641	7.209	5.641	7.217	1550	1190	2740
5.641	7.409	5.640	7.415	1350	1330	2680
5.641	7.609	5.642	7.613	1360	1230	2590
5.641	7.809	5.638	7.809	1330	1080	2410
5.641	8.009	5.638	8.008	1380	1140	2520
5.641	8.209	5.642	8.210	1250	1200	2450
5.641	8.409	5.645	8.411	1480	1230	2710
5.641	8.609	5.639	8.612	1550	1300	2850
5.641	8.809	5.646	8.810	1450	1510	2960
5.641	9.009	5.641	9.012	1450	1500	2950
5.641	9.209	5.640	9.208	1250	1270	2520
5.641	9.409	5.644	9.406	1490	1370	2860
5.841	3.409	5.842	3.408	1350	1410	2760
5.841	3.609	5.840	3.609	1500	1240	2740
5.841	3.809	5.837	3.801	1330	1410	2740
5.841	4.009	5.843	4.015	1300	1300	2600
5.841	4.209	5.840	4.218	1340	1290	2630
5.841	4.409	5.841	4.407	1610	1110	2720
5.841	4.609	5.842	4.605	1230	1340	2570
5.841	4.809	5.846	4.805	1380	1080	2460
5.841	5.009	5.846	5.006	1550	1410	2960
5.841	5.209	5.840	5.200	1180	1300	2480
5.841	5.409	5.841	5.410	1210	1250	2460
5.841	5.609	5.841	5.603	1460	1240	2700
5.841	5.809	5.841	5.799	1360	1120	2480
5.841	6.009	5.843	6.006	1580	1470	3050
5.841	6.209	5.836	6.210	1430	1330	2760
5.841	6.409	5.844	6.414	1410	1470	2880
5.841	6.609	5.839	6.611	1360	1320	2680
5.841	6.809	5.842	6.808	1480	1350	2830
5.841	7.009	5.838	7.000	1370	1240	2610
5.841	7.209	5.836	7.201	1580	1150	2730
5.841	7.409	5.839	7.403	1400	1400	2800
5.841	7.609	5.845	7.605	1370	1160	2530
5.841	7.809	5.844	7.810	1230	1330	2560
5.841	8.009	5.835	8.005	1460	1380	2840
5.841	8.209	5.841	8.208	1420	1160	2580
5.841	8.409	5.840	8.415	1510	1320	2830
5.841	8.609	5.847	8.612	1450	1410	2860
5.841	8.809	5.838	8.805	1450	1400	2850
5.841	9.009	5.838	9.009	1600	1240	2840
5.841	9.209	5.840	9.205	1220	1490	2710
5.841	9.409	5.841	9.411	1510	1230	2740
6.041	3.409	6.043	3.405	1280	1240	2520
6.041	3.609	6.044	3.606	1280	1370	2650
6.041	3.809	6.042	3.811	1650	1270	2920
6.041	4.009	6.038	4.013	1530	1190	2720
6.041	4.209	6.038	4.209	1420	1250	2670
6.041	4.409	6.042	4.408	1310	1240	2550
6.041	4.609	6.046	4.602	1480	1170	2650
6.041	4.809	6.036	4.806	1670	1350	3020
6.041	5.009	6.044	5.008	1200	1180	2380
6.041	5.209	6.036	5.204	1230	1270	2500
6.041	5.409	6.035	5.410	1400	1320	2720
6.041	5.609	6.046	5.613	1220	1200	2420
6.041	5.809	6.045	5.805	1400	1310	2710
6.041	6.009	6.044	6.009	1320	1280	2600
6.041	6.209	6.038	6.210	1260	1260	2520
6.041	6.409	6.042	6.410	1300	1190	2490
6.041	6.609	6.038	6.606	1260	1090	2350
6.041	6.809	6.043	6.812	1310	1250	2560
6.041	7.009	6.042	7.013	1470	1170	2640
6.041	7.209	6.042	7.204	1250	1200	2450
6.041	7.409	6.039	7.403	1160	1230	2390
6.041	7.609	6.041	7.608	1300	1190	2490
6.041	7.809	6.041	7.807	1480	1270	2750
6.041	8.009	6.036	8.013	1420	1300	2720
6.041	8.209	6.042	8.212	1200	1230	2430
6.041	8.409	6.036	8.412	1370	1480	2850
6.041	8.609	6.044	8.615	1440	1360	2800
6.041	8.809	6.041	8.803	1410	1170	2580
6.041	9.009	6.042	9.010	1370	1110	2480
6.041	9.209	6.040	9.209	1460	1370	2830
6.041	9.409	6.045	9.414	1340	1440	2780
6.241	3.409	6.241	3.404	1370	1300	2670
6.241	3.609	6.247	3.610	1290	1010	2300
6.241	3.809	6.234	3.813	1540	1280	2820
6.241	4.009	6.239	4.007	1410	1080	2490
6.241	4.209	6.241	4.212	1270	1220	2490
6.241	4.409	6.241	4.407	1460	1160	2620
6.241	4.609	6.239	4.612	1320	1190	2510
6.241	4.809	6.236	4.809	1150	930	2080
6.241	5.009	6.240	5.004	1580	1260	2840
6.241	5.209	6.235	5.203	1090	1250	2340
6.241	5.409	6.238	5.405	1420	1380	2800
6.241	5.609	6.240	5.607	1470	1180	2650
6.241	5.809	6.239	5.811	1360	1330	2690
6.241	6.009	6.240	6.003	1530	1470	3000
6.241	6.209	6.241	6.214	1330	1230	2560
6.241	6.409	6.238	6.403	1390	1300	2690
6.241	6.609	6.244	6.606	1480	1260	2740
6.241	6.809	6.235	6.806	1290	1160	2450
6.241	7.009	6.240	7.006	1350	1160	2510
6.241	7.209	6.241	7.211	1300	1220	2520
6.241	7.409	6.237	7.405	1240	1230	2470
6.241	7.609	6.246	7.606	1680	1340	3020
6.241	7.809	6.245	7.811	1410	1310	2720
6.241	8.009	6.240	8.009	1370	1320	2690
6.241	8.209	6.243	8.203	1460	1550	3010
6.241	8.409	6.236	8.407	1510	1320	2830
6.241	8.609	6.237	8.614	1370	1400	2770
6.241	8.809	6.243	8.813	1350	1250	2600
6.241	9.009	6.238	9.013	1690	1400	3090
6.241	9.209	6.238	9.206	1500	1290	2790
6.241	9.409	6.241	9.414	1660	1450	3110
6.441	3.409	6.443	3.411	1610	1410	3020
6.441	3.609	6.437	3.613	1330	1330	2660
6.441	3.809	6.442	3.805	1500	1330	2830
6.441	4.009	6.440	4.011	1530	1520	3050
6.441	4.209	6.440	4.208	1460	1400	2860
6.441	4.409	6.443	4.403	1660	1220	2880
6.441	4.609	6.438	4.607	1140	1220	2360
6.441	4.809	6.443	4.809	1370	1310	2680
6.441	5.009	6.439	5.011	1310	1250	2560
6.441	5.209	6.441	5.210	1180	1310	2490
6.441	5.409	6.440	5.406	1320	1090	2410
6.441	5.609	6.443	5.609	1250	1320	2570
6.441	5.809	6.443	5.813	1430	1200	2630
6.441	6.009	6.440	5.998	1250	1140	2390
6.441	6.209	6.439	6.207	1300	1050	2350
6.441	6.409	6.445	6.414	1320	1110	2430
6.441	6.609	6.442	6.605	1380	1350	2730
6.441	6.809	6.438	6.806	1400	1300	2700
6.441	7.009	6.442	7.011	1360	1330	2690
6.441	7.209	6.442	7.213	1150	1200	2350
6.441	7.409	6.443	7.413	1470	1260	2730
6.441	7.609	6.438	7.610	1320	1330	2650
6.441	7.809	6.441	7.802	1480	1210	2690
6.441	8.009	6.441	8.007	1400	1430	2830
6.441	8.209	6.441	8.202	1420	1450	2870
6.441	8.409	6.442	8.410	1470	1210	2680
6.441	8.609	6.438	8.605	1440	1160	2600
6.441	8.809	6.441	8.806	1430	1330	2760
6.441	9.009	6.440	9.003	1510	1280	2790
6.441	9.209	6.445	9.211	1310	1390	2700
6.441	9.409	6.439	9.406	1620	1440	3060
6.641	3.409	6.642	3.413	1330	1340	2670
6.641	3.609	6.642	3.612	1540	1420	2960
6.641	3.809	6.635	3.810	1210	1410	2620
6.641	4.009	6.640	4.009	1460	1470	2930
6.641	4.209	6.649	4.211	1490	1370	2860
6.641	4.409	6.641	4.411	1320	1250	2570
6.641	4.609	6.641	4.607	1500	1200	2700
6.641	4.809	6.640	4.805	1320	1220	2540
6.641	5.009	6.641	5.000	1420	1200	2620
6.641	5.209	6.643	5.214	1500	1240	2740
6.641	5.409	6.636	5.413	1280	1010	2290
6.641	5.609	6.638	5.610	1240	1160	2400
6.641	5.809	6.642	5.804	1170	1270	2440
6.641	6.009	6.643	6.008	1430	1290	2720
6.641	6.209	6.643	6.202	1230	1480	2710
6.641	6.409	6.642	6.410	1360	1180	2540
6.641	6.609	6.643	6.600	1250	1140	2390
6.641	6.809	6.641	6.806	1510	1390	2900
6.641	7.009	6.645	7.003	1340	1310	2650
6.641	7.209	6.640	7.204	1350	1240	2590
6.641	7.409	6.639	7.408	1760	1380	3140
6.641	7.609	6.636	7.605	1400	1220	2620
6.641	7.809	6.641	7.803	1310	1210	2520
6.641	8.009	6.643	8.008	1640	1130	2770
6.641	8.209	6.641	8.210	1410	1340	2750
6.641	8.409	6.640	8.418	1460	1370	2830
6.641	8.609	6.639	8.605	1380	1140	2520
6.641	8.809	6.640	8.806	1240	1290	2530
6.641	9.009	6.637	9.009	1340	1190	2530
6.641	9.209	6.642	9.214	1340	1310	2650
6.641	9.409	6.641	9.414	1390	1160	2550
6.841	3.409	6.842	3.407	1300	1460	2760
6.841	3.609	6.841	3.610	1510	1310	2820
6.841	3.809	6.841	3.806	1340	1350	2690
6.841	4.009	6.838	4.005	1520	1330	2850
6.841	4.209	6.841	4.209	1430	1270	2700
6.841	4.409	6.838	4.416	1440	1270	2710
6.841	4.609	6.844	4.608	1420	1210	2630
6.841	4.809	6.840	4.810	1190	1200	2390
6.841	5.009	6.842	5.009	1490	1070	2560
6.841	5.209	6.843	5.204	1380	1360	2740
6.841	5.409	6.843	5.414	1290	1200	2490
6.841	5.609	6.844	5.608	1550	1160	2710
6.841	5.809	6.840	5.808	1300	1280	2580
6.841	6.009	6.839	6.004	1530	1500	3030
6.841	6.209	6.845	6.205	1210	1280	2490
6.841	6.409	6.843	6.407	1460	1150	2610
6.841	6.609	6.841	6.606	1260	1200	2460
6.841	6.809	6.840	6.808	1450	1100	2550
6.841	7.009	6.843	7.010	1310	1060	2370
6.841	7.209	6.841	7.214	1550	1280	2830
6.841	7.409	6.844	7.407	1270	1160	2430
6.841	7.609	6.838	7.612	1330	1190	2520
6.841	7.809	6.839	7.806	1340	1300	2640
6.841	8.009	6.841	8.007	1420	1320	2740
6.841	8.209	6.844	8.200	1220	1230	2450
6.841	8.409	6.837	8.409	1290	1110	2400
6.841	8.609	6.837	8.609	1320	1140	2460
6.841	8.809	6.839	8.814	1690	1410	3100
6.841	9.009	6.839	9.006	1150	1200	2350
6.841	9.209	6.838	9.206	1500	1400	2900
6.841	9.409	6.840	9.403	1500	1590	3090
7.041	3.409	7.039	3.406	1460	1210	2670
7.041	3.609	7.044	3.607	1200	1250	2450
7.041	3.809	7.043	3.809	1370	1480	2850
7.041	4.009	7.040	4.010	1150	1350	2500
7.041	4.209	7.041	4.211	1590	1200	2790
7.041	4.409	7.038	4.409	1210	1320	2530
7.041	4.609	7.046	4.606	1490	1210	2700
7.041	4.809	7.040	4.809	1320	1240	2560
7.041	5.009	7.039	5.007	1300	1310	2610
7.041	5.209	7.042	5.201	1360	1250	2610
7.041	5.409	7.038	5.407	1520	1330	2850
7.041	5.609	7.040	5.608	1440	1250	2690
7.041	5.809	7.036	5.811	1480	1260	2740
7.041	6.009	7.037	6.007	1480	1110	2590
7.041	6.209	7.037	6.216	1360	1250	2610
7.041	6.409	7.036	6.402	1450	1280	2730
7.041	6.609	7.036	6.609	1380	1240	2620
7.041	6.809	7.038	6.813	1250	1210	2460
7.041	7.009	7.038	7.004	1100	1210	2310
7.041	7.209	7.036	7.204	1210	1570	2780
7.041	7.409	7.041	7.407	1380	1290	2670
7.041	7.609	7.039	7.607	1380	1060	2440
7.041	7.809	7.040	7.810	1390	1350	2740
7.041	8.009	7.037	8.009	1360	1340	2700
7.041	8.209	7.040	8.210	1570	1050	2620
7.041	8.409	7.041	8.413	1260	1210	2470
7.041	8.609	7.043	8.611	1310	1300	2610
7.041	8.809	7.041	8.807	1190	1360	2550
7.041	9.009	7.044	9.012	1440	1220	2660
7.041	9.209	7.036	9.214	1370	1270	2640
7.041	9.409	7.038	9.412	1710	1480	3190
7.241	3.409	7.239	3.408	1580	1520	3100
7.241	3.609	7.241	3.611	1280	1410	2690
7.241	3.809	7.243	3.805	1270	1490	2760
7.241	4.009	7.237	4.003	1440	1340	2780
7.241	4.209	7.241	4.207	1270	1190	2460
7.241	4.409	7.244	4.405	1520	1340	2860
7.241	4.609	7.242	4.606	1400	1140	2540
7.241	4.809	7.243	4.814	1470	1360	2830
7.241	5.009	7.246	5.007	1270	1240	2510
7.241	5.209	7.238	5.207	1220	1270	2490
7.241	5.409	7.243	5.401	1610	1360	2970
7.241	5.609	7.239	5.606	1540	1250	2790
7.241	5.809	7.240	5.808	1550	1340	2890
7.241	6.009	7.241	6.012	1680	1140	2820
7.241	6.209	7.241	6.205	1130	1070	2200
7.241	6.409	7.238	6.412	1400	1420	2820
7.241	6.609	7.237	6.612	1350	1290	2640
7.241	6.809	7.242	6.806	1780	1380	3160
7.241	7.009	7.240	7.011	1360	1320	2680
7.241	7.209	7.241	7.204	1240	1190	2430
7.241	7.409	7.246	7.407	1340	1050	2390
7.241	7.609	7.241	7.603	1510	1160	2670
7.241	7.809	7.243	7.810	1380	1150	2530
7.241	8.009	7.244	8.009	1360	1190	2550
7.241	8.209	7.245	8.207	1570	1120	2690
7.241	8.409	7.238	8.409	1350	1210	2560
7.241	8.609	7.237	8.610	1280	1320	2600
7.241	8.809	7.240	8.820	1360	1130	2490
7.241	9.009	7.230	9.009	1330	1290	2620
7.241	9.209	7.239	9.204	1360	1090	2450
7.241	9.409	7.241	9.410	1230	1250	2480
7.441	3.409	7.443	3.408	1510	1200	2710
7.441	3.609	7.438	3.610	1490	1360	2850
7.441	3.809	7.436	3.810	1360	1140	2500
7.441	4.009	7.443	4.007	1440	1320	2760
7.441	4.209	7.438	4.208	1430	1120	2550
7.441	4.409	7.436	4.405	1220	1380	2600
7.441	4.609	7.443	4.609	1450	1340	2790
7.441	4.809	7.446	4.805	1470	1270	2740
7.441	5.009	7.442	5.010	1370	1370	2740
7.441	5.209	7.445	5.202	1290	1170	2460
7.441	5.409	7.442	5.406	1330	1280	2610
7.441	5.609	7.444	5.609	1180	1220	2400
7.441	5.809	7.444	5.806	1450	1370	2820
7.441	6.009	7.441	6.010	1140	1180	2320
7.441	6.209	7.440	6.209	1430	1180	2610
7.441	6.409	7.445	6.412	1240	1250	2490
7.441	6.609	7.443	6.609	1320	1340	2660
7.441	6.809	7.441	6.804	1330	1210	2540
7.441	7.009	7.441	7.008	1340	1150	2490
7.441	7.209	7.444	7.209	1370	1130	2500
7.441	7.409	7.443	7.410	1430	1230	2660
7.441	7.609	7.442	7.605	1430	1400	2830
7.441	7.809	7.442	7.808	1550	1220	2770
7.441	8.009	7.440	8.013	1190	1180	2370
7.441	8.209	7.442	8.210	1250	1240	2490
7.441	8.409	7.441	8.409	1370	1320	2690
7.441	8.609	7.439	8.608	1240	1190	2430
7.441	8.809	7.442	8.802	1450	1520	2970
7.441	9.009	7.441	9.002	1730	1200	2930
7.441	9.209	7.440	9.210	1610	1360	2970
7.441	9.409	7.441	9.408	1460	1360	2820
