# PL Mapping - 2025_07_24_12_20_31
# x_req	y_req	x_act	y_act	count1	count2	total
-265.000	85.000	-265.000	85.000	1470	1480	2950
-265.000	85.200	-265.000	85.080	1530	1140	2670
-265.000	85.400	-264.999	85.238	1530	1140	2670
-265.000	85.600	-265.002	85.406	1530	1140	2670
-265.000	85.800	-265.000	85.789	1380	1150	2530
-265.000	86.000	-265.003	85.917	1450	1290	2740
-265.000	86.200	-265.001	85.752	1450	1290	2740
-265.000	86.400	-265.004	86.333	1450	1290	2740
-265.000	86.600	-265.004	86.460	1460	1250	2710
-265.000	86.800	-265.002	86.756	1460	1250	2710
-265.000	87.000	-264.999	86.917	1520	1140	2660
-265.000	87.200	-264.996	87.089	1520	1140	2660
-265.000	87.400	-265.002	87.237	1520	1140	2660
-265.000	87.600	-264.999	87.466	1590	1400	2990
-265.000	87.800	-265.001	87.584	1590	1400	2990
-265.000	88.000	-264.999	87.861	1590	1400	2990
-265.000	88.200	-265.000	88.081	1270	1370	2640
-265.000	88.400	-265.000	88.296	1270	1370	2640
-265.000	88.600	-265.000	88.471	1380	1290	2670
-265.000	88.800	-264.995	88.672	1380	1290	2670
-265.000	89.000	-265.000	88.863	1380	1290	2670
-265.000	89.200	-264.998	89.010	1430	1090	2520
-265.000	89.400	-264.998	89.238	1430	1090	2520
-265.000	89.600	-265.003	89.530	1430	1090	2520
-265.000	89.800	-265.001	89.950	1410	1230	2640
-265.000	90.000	-265.003	89.923	1410	1230	2640
-265.000	90.200	-264.997	90.127	1580	1100	2680
-265.000	90.400	-264.997	90.321	1580	1100	2680
-265.000	90.600	-264.997	90.490	1580	1100	2680
-265.000	90.800	-265.004	90.702	1640	1190	2830
-265.000	91.000	-264.998	90.977	1640	1190	2830
-265.000	91.200	-264.995	91.057	1850	1330	3180
-265.000	91.400	-265.002	91.362	1850	1330	3180
-265.000	91.600	-264.995	91.471	1850	1330	3180
-265.000	91.800	-265.000	91.722	1540	1170	2710
-265.000	92.000	-265.004	91.882	1540	1170	2710
-265.000	92.200	-265.018	92.168	1570	1220	2790
-265.000	92.400	-264.997	92.286	1570	1220	2790
-265.000	92.600	-264.998	92.184	1570	1220	2790
-265.000	92.800	-265.001	92.683	1420	1180	2600
-265.000	93.000	-265.002	92.851	1420	1180	2600
-265.000	93.200	-264.999	93.200	1420	1180	2600
-265.000	93.400	-264.999	93.251	1660	1310	2970
-265.000	93.600	-265.000	93.598	1660	1310	2970
-265.000	93.800	-265.003	93.680	1630	1210	2840
-265.000	94.000	-265.001	93.871	1630	1210	2840
-265.000	94.200	-264.995	94.186	1440	1340	2780
-265.000	94.400	-265.002	94.312	1440	1340	2780
-265.000	94.600	-265.009	94.547	1440	1340	2780
-265.000	94.800	-264.997	94.693	1840	1400	3240
-265.000	95.000	-265.004	94.958	1840	1400	3240
-265.000	95.200	-265.001	95.144	1840	1400	3240
-265.000	95.400	-265.000	95.480	2550	1970	4520
-265.000	95.600	-265.001	95.534	2550	1970	4520
-265.000	95.800	-265.001	95.495	3210	3260	6470
-265.000	96.000	-264.998	95.932	3210	3260	6470
-265.000	96.200	-264.999	96.099	4530	4310	8840
-265.000	96.400	-265.003	96.278	4530	4310	8840
-265.000	96.600	-265.001	96.467	4530	4310	8840
-265.000	96.800	-265.001	96.618	6450	5710	12160
-265.000	97.000	-264.998	96.578	6450	5710	12160
-265.000	97.200	-265.003	97.130	6450	5710	12160
-265.000	97.400	-265.002	97.288	6140	5240	11380
-265.000	97.600	-264.996	97.516	6140	5240	11380
-265.000	97.800	-265.000	97.602	6140	5240	11380
-265.000	98.000	-264.999	97.880	5150	4850	10000
-265.000	98.200	-264.999	98.072	5150	4850	10000
-265.000	98.400	-265.002	98.249	5330	5070	10400
-265.000	98.600	-265.001	98.624	5330	5070	10400
-265.000	98.800	-265.000	98.678	5330	5070	10400
-265.000	99.000	-265.000	98.865	4900	5020	9920
-265.000	99.200	-265.000	99.185	4900	5020	9920
-265.000	99.400	-264.999	99.305	5320	5520	10840
-265.000	99.600	-264.999	99.619	5320	5520	10840
-265.000	99.800	-264.999	99.695	5320	5520	10840
-265.000	100.000	-264.995	100.017	5210	5220	10430
-265.000	100.200	-265.000	100.081	5210	5220	10430
-265.000	100.400	-264.996	100.394	5680	4880	10560
-265.000	100.600	-264.997	100.494	5680	4880	10560
-265.000	100.800	-265.003	100.491	5680	4880	10560
-265.000	101.000	-264.998	100.495	4190	3930	8120
-265.000	101.200	-265.006	100.496	4190	3930	8120
-265.000	101.400	-265.000	100.494	4190	3930	8120
-265.000	101.600	-265.004	100.493	4880	4100	8980
-265.000	101.800	-265.000	100.495	4880	4100	8980
-265.000	102.000	-265.005	100.497	4880	4100	8980
-265.000	102.200	-264.999	100.500	4460	4180	8640
-265.000	102.400	-265.002	100.499	4460	4180	8640
-265.000	102.600	-264.999	100.503	4340	3900	8240
-265.000	102.800	-265.001	100.501	4340	3900	8240
-265.000	103.000	-265.004	100.500	4340	3900	8240
-265.000	103.200	-265.002	100.498	4340	3900	8240
-265.000	103.400	-265.000	100.498	4130	4240	8370
-265.000	103.600	-264.997	100.501	4130	4240	8370
-265.000	103.800	-265.005	100.500	4130	4240	8370
-265.000	104.000	-264.996	100.496	4100	4470	8570
-265.000	104.200	-264.994	100.494	4100	4470	8570
-265.000	104.400	-265.003	100.496	4410	4260	8670
-265.000	104.600	-265.002	100.496	4410	4260	8670
-265.000	104.800	-265.001	100.505	4460	3600	8060
-265.000	105.000	-264.999	100.503	4460	3600	8060
-265.000	105.200	-265.002	100.500	4460	3600	8060
-265.000	105.400	-264.998	100.498	4460	3600	8060
-265.000	105.600	-264.997	100.499	3890	3690	7580
-265.000	105.800	-264.998	100.497	3890	3690	7580
-265.000	106.000	-265.002	100.502	3990	3970	7960
-265.000	106.200	-265.001	100.500	3990	3970	7960
-265.000	106.400	-264.994	100.499	3990	3970	7960
-265.000	106.600	-264.994	100.502	3840	4210	8050
-265.000	106.800	-265.001	100.498	3840	4210	8050
-265.000	107.000	-265.001	100.500	3840	4210	8050
-265.000	107.200	-265.004	100.498	4090	3680	7770
-265.000	107.400	-264.999	100.501	4090	3680	7770
-265.000	107.600	-265.000	100.502	4090	3680	7770
-265.000	107.800	-265.001	100.498	4580	3850	8430
-265.000	108.000	-265.000	100.502	4580	3850	8430
-265.000	108.200	-264.998	100.499	4070	3800	7870
-265.000	108.400	-265.001	100.501	4070	3800	7870
-265.000	108.600	-265.004	100.500	4070	3800	7870
-265.000	108.800	-264.997	100.501	4370	3870	8240
-265.000	109.000	-265.003	100.504	4370	3870	8240
-265.000	109.200	-264.998	100.501	4370	3870	8240
-265.000	109.400	-265.002	100.507	4250	3630	7880
-265.000	109.600	-265.000	100.501	4250	3630	7880
-265.000	109.800	-265.004	100.498	4250	3630	7880
-265.000	110.000	-265.001	100.502	3980	3710	7690
-265.000	110.200	-265.001	100.500	3980	3710	7690
-265.000	110.400	-264.996	100.499	4460	4000	8460
-265.000	110.600	-265.001	100.503	4460	4000	8460
-265.000	110.800	-265.002	100.501	4160	4000	8160
-265.000	111.000	-265.002	100.501	4160	4000	8160
-265.000	111.200	-264.999	100.500	4160	4000	8160
-265.000	111.400	-264.996	100.501	4070	3930	8000
-265.000	111.600	-265.001	100.500	4070	3930	8000
-265.000	111.800	-264.997	100.501	4070	3930	8000
-265.000	112.000	-264.996	100.502	4070	3930	8000
-265.000	112.200	-265.000	100.500	3880	3880	7760
-265.000	112.400	-265.003	100.501	3880	3880	7760
-265.000	112.600	-265.000	100.500	4320	3930	8250
-265.000	112.800	-265.001	100.501	4320	3930	8250
-265.000	113.000	-264.999	100.503	4320	3930	8250
-265.000	113.200	-264.998	100.501	3610	4110	7720
-265.000	113.400	-264.998	100.501	3610	4110	7720
-265.000	113.600	-265.000	100.503	3610	4110	7720
-265.000	113.800	-264.998	100.506	3890	3640	7530
-265.000	114.000	-264.999	100.500	3890	3640	7530
-265.000	114.200	-265.001	100.500	3890	3640	7530
-265.000	114.400	-265.002	100.503	3860	3930	7790
-265.000	114.600	-264.994	100.503	3860	3930	7790
-265.000	114.800	-264.999	100.504	3580	3580	7160
-265.000	115.000	-264.999	100.496	3580	3580	7160
-264.800	85.000	-264.800	96.541	1570	1440	3010
-264.800	85.200	-264.794	85.338	2680	2490	5170
-264.800	85.400	-264.803	85.328	2680	2490	5170
-264.800	85.600	-264.805	85.449	2680	2490	5170
-264.800	85.800	-264.799	85.595	1450	1470	2920
-264.800	86.000	-264.802	85.852	1450	1470	2920
-264.800	86.200	-264.797	86.083	1450	1470	2920
-264.800	86.400	-264.798	86.256	1640	1470	3110
-264.800	86.600	-264.799	86.555	1640	1470	3110
-264.800	86.800	-264.801	86.733	1660	1250	2910
-264.800	87.000	-264.805	86.902	1660	1250	2910
-264.800	87.200	-264.794	87.209	1660	1250	2910
-264.800	87.400	-264.798	87.281	1580	1250	2830
-264.800	87.600	-264.799	87.399	1580	1250	2830
-264.800	87.800	-264.797	87.779	1580	1250	2830
-264.800	88.000	-264.793	87.963	1350	1230	2580
-264.800	88.200	-264.799	88.127	1350	1230	2580
-264.800	88.400	-264.799	88.273	1350	1230	2580
-264.800	88.600	-264.801	88.525	1460	1240	2700
-264.800	88.800	-264.799	88.673	1460	1240	2700
-264.800	89.000	-264.796	88.989	1460	1240	2700
-264.800	89.200	-264.799	89.088	1510	1240	2750
-264.800	89.400	-264.801	89.269	1510	1240	2750
-264.800	89.600	-264.805	88.773	1510	1240	2750
-264.800	89.800	-264.798	89.738	1330	1070	2400
-264.800	90.000	-264.800	89.794	1330	1070	2400
-264.800	90.200	-264.799	90.050	1330	1070	2400
-264.800	90.400	-264.800	90.291	1450	1340	2790
-264.800	90.600	-264.803	90.469	1450	1340	2790
-264.800	90.800	-264.798	90.749	1450	1130	2580
-264.800	91.000	-264.797	90.920	1450	1130	2580
-264.800	91.200	-264.804	91.098	1440	1410	2850
-264.800	91.400	-264.797	91.311	1440	1410	2850
-264.800	91.600	-264.799	91.595	1440	1410	2850
-264.800	91.800	-264.800	91.651	1660	1350	3010
-264.800	92.000	-264.802	91.695	1660	1350	3010
-264.800	92.200	-264.799	92.086	1660	1350	3010
-264.800	92.400	-264.805	92.316	1610	1080	2690
-264.800	92.600	-264.801	92.502	1610	1080	2690
-264.800	92.800	-264.797	92.702	1800	1150	2950
-264.800	93.000	-264.778	92.988	1800	1150	2950
-264.800	93.200	-264.800	93.116	1550	1320	2870
-264.800	93.400	-264.805	93.287	1550	1320	2870
-264.800	93.600	-264.799	93.454	1550	1320	2870
-264.800	93.800	-264.802	93.606	1600	1350	2950
-264.800	94.000	-264.804	93.905	1600	1350	2950
-264.800	94.200	-264.801	94.132	1600	1350	2950
-264.800	94.400	-264.798	94.302	1640	1310	2950
-264.800	94.600	-264.801	94.522	1640	1310	2950
-264.800	94.800	-264.802	94.713	2410	2050	4460
-264.800	95.000	-264.799	94.993	2800	2000	4800
-264.800	95.200	-264.798	95.121	2800	2000	4800
-264.800	95.400	-264.799	95.402	3400	2870	6270
-264.800	95.600	-264.800	95.485	3400	2870	6270
-264.800	95.800	-264.797	95.620	3400	2870	6270
-264.800	96.000	-264.802	95.865	3400	2870	6270
-264.800	96.200	-264.794	96.051	4490	3690	8180
-264.800	96.400	-264.799	96.273	4490	3690	8180
-264.800	96.600	-264.795	96.497	6040	5560	11600
-264.800	96.800	-264.801	96.667	6040	5560	11600
-264.800	97.000	-264.804	97.001	6010	5600	11610
-264.800	97.200	-264.802	97.072	6010	5600	11610
-264.800	97.400	-264.807	97.264	6010	5600	11610
-264.800	97.600	-264.801	97.445	6010	4940	10950
-264.800	97.800	-264.797	97.630	6010	4940	10950
-264.800	98.000	-264.802	97.844	6010	4940	10950
-264.800	98.200	-264.802	97.991	4670	4900	9570
-264.800	98.400	-264.802	98.387	4670	4900	9570
-264.800	98.600	-264.798	98.507	4670	4900	9570
-264.800	98.800	-264.796	98.788	5110	5140	10250
-264.800	99.000	-264.800	98.909	5110	5140	10250
-264.800	99.200	-264.802	98.921	5500	4850	10350
-264.800	99.400	-264.802	99.273	5500	4850	10350
-264.800	99.600	-264.797	99.402	5500	4850	10350
-264.800	99.800	-264.799	99.769	5500	4850	10350
-264.800	100.000	-264.800	99.875	5850	5840	11690
-264.800	100.200	-264.799	100.055	5850	5840	11690
-264.800	100.400	-264.799	100.389	4960	5070	10030
-264.800	100.600	-264.798	100.523	4960	5070	10030
-264.800	100.800	-264.795	100.689	4960	5070	10030
-264.800	101.000	-264.803	100.925	3740	3550	7290
-264.800	101.200	-264.798	101.103	3740	3550	7290
-264.800	101.400	-264.800	101.397	3740	3550	7290
-264.800	101.600	-264.802	101.488	3110	2790	5900
-264.800	101.800	-264.807	101.784	3110	2790	5900
-264.800	102.000	-264.797	101.856	2800	2640	5440
-264.800	102.200	-264.796	102.187	2800	2640	5440
-264.800	102.400	-264.802	102.304	2690	2510	5200
-264.800	102.600	-264.803	102.596	2690	2510	5200
-264.800	102.800	-264.798	102.692	2920	2300	5220
-264.800	103.000	-264.803	102.957	2920	2300	5220
-264.800	103.200	-264.800	103.072	2490	2200	4690
-264.800	103.400	-264.798	103.209	2490	2200	4690
-264.800	103.600	-264.800	103.619	2490	2200	4690
-264.800	103.800	-264.798	103.669	2490	2200	4690
-264.800	104.000	-264.800	103.911	2430	2310	4740
-264.800	104.200	-264.800	104.107	2430	2310	4740
-264.800	104.400	-264.797	104.300	2520	2160	4680
-264.800	104.600	-264.803	104.517	2520	2160	4680
-264.800	104.800	-264.801	104.716	2520	2160	4680
-264.800	105.000	-264.798	104.891	2610	2580	5190
-264.800	105.200	-264.804	105.144	2610	2580	5190
-264.800	105.400	-264.800	105.264	2610	2580	5190
-264.800	105.600	-264.800	105.409	2690	2180	4870
-264.800	105.800	-264.798	105.788	2690	2180	4870
-264.800	106.000	-264.802	105.962	2770	2270	5040
-264.800	106.200	-264.803	106.069	2770	2270	5040
-264.800	106.400	-264.799	106.273	2770	2270	5040
-264.800	106.600	-264.801	106.524	2720	2540	5260
-264.800	106.800	-264.800	106.674	2720	2540	5260
-264.800	107.000	-264.799	106.893	3020	2650	5670
-264.800	107.200	-264.801	107.206	3020	2650	5670
-264.800	107.400	-264.800	107.308	2530	2400	4930
-264.800	107.600	-264.800	107.445	2530	2400	4930
-264.800	107.800	-264.800	107.692	2530	2400	4930
-264.800	108.000	-264.796	107.874	2530	2400	4930
-264.800	108.200	-264.800	108.082	2700	2450	5150
-264.800	108.400	-264.799	108.399	2180	2370	4550
-264.800	108.600	-264.798	108.506	2180	2370	4550
-264.800	108.800	-264.798	108.688	2180	2370	4550
-264.800	109.000	-264.806	108.880	2000	1710	3710
-264.800	109.200	-264.799	109.054	2000	1710	3710
-264.800	109.400	-264.803	109.225	2000	1710	3710
-264.800	109.600	-264.794	109.450	2170	1900	4070
-264.800	109.800	-264.802	109.804	2170	1900	4070
-264.800	110.000	-264.798	109.905	2170	1900	4070
-264.800	110.200	-264.803	110.082	2060	2050	4110
-264.800	110.400	-264.801	110.310	2060	2050	4110
-264.800	110.600	-264.796	110.485	2300	2230	4530
-264.800	110.800	-264.800	110.725	2300	2230	4530
-264.800	111.000	-264.801	110.983	2850	2530	5380
-264.800	111.200	-264.799	111.076	2850	2530	5380
-264.800	111.400	-264.803	111.290	2850	2530	5380
-264.800	111.600	-264.800	111.491	2970	2470	5440
-264.800	111.800	-264.801	111.659	2970	2470	5440
-264.800	112.000	-264.803	112.003	3110	2360	5470
-264.800	112.200	-264.799	112.076	3110	2360	5470
-264.800	112.400	-264.804	112.290	3110	2360	5470
-264.800	112.600	-264.802	112.487	2840	2440	5280
-264.800	112.800	-264.803	112.686	2840	2440	5280
-264.800	113.000	-264.803	112.813	2850	2490	5340
-264.800	113.200	-264.805	113.213	2850	2490	5340
-264.800	113.400	-264.804	113.287	2850	2490	5340
-264.800	113.600	-264.803	113.493	1900	2440	4340
-264.800	113.800	-264.798	113.672	1900	2440	4340
-264.800	114.000	-264.801	113.897	2200	1540	3740
-264.800	114.200	-264.803	114.001	2200	1540	3740
-264.800	114.400	-264.798	114.335	2200	1540	3740
-264.800	114.600	-264.799	114.468	1640	1470	3110
-264.800	114.800	-264.799	114.719	1640	1470	3110
-264.800	115.000	-264.803	114.860	1640	1470	3110
-264.600	85.000	-264.603	85.025	2450	2360	4810
-264.600	85.200	-264.603	85.097	2450	2360	4810
-264.600	85.400	-264.594	85.236	2450	2360	4810
-264.600	85.600	-264.601	85.304	1520	1120	2640
-264.600	85.800	-264.599	85.655	1520	1120	2640
-264.600	86.000	-264.597	85.819	1520	1120	2640
-264.600	86.200	-264.596	86.170	1700	1160	2860
-264.600	86.400	-264.594	86.302	1700	1160	2860
-264.600	86.600	-264.603	86.526	1690	1160	2850
-264.600	86.800	-264.597	86.758	1690	1160	2850
-264.600	87.000	-264.600	86.888	1690	1160	2850
-264.600	87.200	-264.601	86.955	1670	1340	3010
-264.600	87.400	-264.596	87.257	1670	1340	3010
-264.600	87.600	-264.600	87.400	1670	1340	3010
-264.600	87.800	-264.602	87.754	1470	1160	2630
-264.600	88.000	-264.600	87.907	1470	1160	2630
-264.600	88.200	-264.603	88.193	1460	1230	2690
-264.600	88.400	-264.602	88.302	1460	1230	2690
-264.600	88.600	-264.599	88.512	1440	1070	2510
-264.600	88.800	-264.602	88.730	1440	1070	2510
-264.600	89.000	-264.599	88.995	1440	1070	2510
-264.600	89.200	-264.597	89.078	1490	1400	2890
-264.600	89.400	-264.594	88.936	1490	1400	2890
-264.600	89.600	-264.599	89.500	1490	1400	2890
-264.600	89.800	-264.598	89.735	1360	1340	2700
-264.600	90.000	-264.588	89.741	1360	1340	2700
-264.600	90.200	-264.601	90.039	1680	1230	2910
-264.600	90.400	-264.606	90.239	1680	1230	2910
-264.600	90.600	-264.597	90.455	1310	1360	2670
-264.600	90.800	-264.599	90.792	1310	1360	2670
-264.600	91.000	-264.598	90.846	1590	1350	2940
-264.600	91.200	-264.597	91.045	1590	1350	2940
-264.600	91.400	-264.599	91.272	1590	1350	2940
-264.600	91.600	-264.597	91.609	1410	1400	2810
-264.600	91.800	-264.602	91.710	1410	1400	2810
-264.600	92.000	-264.604	91.908	1440	1270	2710
-264.600	92.200	-264.600	92.121	1440	1270	2710
-264.600	92.400	-264.600	92.283	1440	1270	2710
-264.600	92.600	-264.584	92.494	1710	1270	2980
-264.600	92.800	-264.598	92.705	1710	1270	2980
-264.600	93.000	-264.598	92.863	1390	1390	2780
-264.600	93.200	-264.604	93.003	1390	1390	2780
-264.600	93.400	-264.601	93.166	1390	1390	2780
-264.600	93.600	-264.601	93.539	1470	1480	2950
-264.600	93.800	-264.600	93.676	1470	1480	2950
-264.600	94.000	-264.600	93.900	1620	1470	3090
-264.600	94.200	-264.598	94.067	1620	1470	3090
-264.600	94.400	-264.600	94.366	1620	1470	3090
-264.600	94.600	-264.595	94.495	2120	1740	3860
-264.600	94.800	-264.603	94.754	2120	1740	3860
-264.600	95.000	-264.603	94.869	2600	2350	4950
-264.600	95.200	-264.603	95.086	2600	2350	4950
-264.600	95.400	-264.601	95.319	2600	2350	4950
-264.600	95.600	-264.598	95.612	3520	3210	6730
-264.600	95.800	-264.603	95.684	3520	3210	6730
-264.600	96.000	-264.601	95.870	5140	4930	10070
-264.600	96.200	-264.601	96.114	5140	4930	10070
-264.600	96.400	-264.596	96.376	5140	4930	10070
-264.600	96.600	-264.600	96.470	6630	5510	12140
-264.600	96.800	-264.598	96.641	6630	5510	12140
-264.600	97.000	-264.600	97.021	6640	5840	12480
-264.600	97.200	-264.599	97.077	6640	5840	12480
-264.600	97.400	-264.592	97.398	5470	5320	10790
-264.600	97.600	-264.601	97.504	4770	4570	9340
-264.600	97.800	-264.594	97.724	4770	4570	9340
-264.600	98.000	-264.596	97.921	4560	4510	9070
-264.600	98.200	-264.603	98.123	4560	4510	9070
-264.600	98.400	-264.598	98.296	4560	4510	9070
-264.600	98.600	-264.599	98.478	5230	4670	9900
-264.600	98.800	-264.546	98.845	5230	4670	9900
-264.600	99.000	-264.602	98.992	5320	5330	10650
-264.600	99.200	-264.602	99.288	5320	5330	10650
-264.600	99.400	-264.604	99.319	5860	5140	11000
-264.600	99.600	-264.600	98.719	5860	5140	11000
-264.600	99.800	-264.597	99.665	6340	5480	11820
-264.600	100.000	-264.597	99.808	6340	5480	11820
-264.600	100.200	-264.600	100.160	6340	5480	11820
-264.600	100.400	-264.601	100.294	5910	5330	11240
-264.600	100.600	-264.599	100.462	5910	5330	11240
-264.600	100.800	-264.597	100.734	5910	5330	11240
-264.600	101.000	-264.606	100.906	4230	3900	8130
-264.600	101.200	-264.603	100.973	4230	3900	8130
-264.600	101.400	-264.603	100.987	3360	2900	6260
-264.600	101.600	-264.601	100.985	3360	2900	6260
-264.600	101.800	-264.600	100.988	3360	2900	6260
-264.600	102.000	-264.601	100.985	2940	2930	5870
-264.600	102.200	-264.598	100.983	2940	2930	5870
-264.600	102.400	-264.602	100.983	3500	2780	6280
-264.600	102.600	-264.601	100.988	3500	2780	6280
-264.600	102.800	-264.603	100.988	3500	2780	6280
-264.600	103.000	-264.603	100.989	2830	2930	5760
-264.600	103.200	-264.599	100.990	2830	2930	5760
-264.600	103.400	-264.603	100.985	3210	2800	6010
-264.600	103.600	-264.600	100.993	3210	2800	6010
-264.600	103.800	-264.596	100.984	3210	2800	6010
-264.600	104.000	-264.598	100.986	2890	2800	5690
-264.600	104.200	-264.600	100.984	2890	2800	5690
-264.600	104.400	-264.601	100.989	3170	2970	6140
-264.600	104.600	-264.600	100.982	3170	2970	6140
-264.600	104.800	-264.602	100.989	3170	2970	6140
-264.600	105.000	-264.600	100.993	3290	2920	6210
-264.600	105.200	-264.604	100.985	3290	2920	6210
-264.600	105.400	-264.602	100.989	3170	2670	5840
-264.600	105.600	-264.599	100.990	3170	2670	5840
-264.600	105.800	-264.600	100.991	3170	2670	5840
-264.600	106.000	-264.601	100.988	3110	3000	6110
-264.600	106.200	-264.599	100.990	3110	3000	6110
-264.600	106.400	-264.598	100.989	3110	3000	6110
-264.600	106.600	-264.603	100.988	3190	3070	6260
-264.600	106.800	-264.602	100.985	2870	2780	5650
-264.600	107.000	-264.603	100.991	2870	2780	5650
-264.600	107.200	-264.604	100.993	2750	2680	5430
-264.600	107.400	-264.601	100.986	2750	2680	5430
-264.600	107.600	-264.601	100.991	2750	2680	5430
-264.600	107.800	-264.595	100.989	2850	3000	5850
-264.600	108.000	-264.599	100.989	2850	3000	5850
-264.600	108.200	-264.603	100.994	2850	3000	5850
-264.600	108.400	-264.599	100.991	3610	2810	6420
-264.600	108.600	-264.599	100.996	3610	2810	6420
-264.600	108.800	-264.600	100.983	3610	2810	6420
-264.600	109.000	-264.599	100.991	3110	2840	5950
-264.600	109.200	-264.608	100.995	3110	2840	5950
-264.600	109.400	-264.596	100.990	2740	2950	5690
-264.600	109.600	-264.600	100.986	2740	2950	5690
-264.600	109.800	-264.599	100.992	2740	2950	5690
-264.600	110.000	-264.603	100.990	2740	2950	5690
-264.600	110.200	-264.595	100.989	3210	2780	5990
-264.600	110.400	-264.603	100.987	3210	2780	5990
-264.600	110.600	-264.603	100.989	3260	2820	6080
-264.600	110.800	-264.600	100.992	3260	2820	6080
-264.600	111.000	-264.602	100.992	3230	2780	6010
-264.600	111.200	-264.600	100.988	3230	2780	6010
-264.600	111.400	-264.606	100.990	3230	2780	6010
-264.600	111.600	-264.600	100.990	3070	2910	5980
-264.600	111.800	-264.598	100.989	3070	2910	5980
-264.600	112.000	-264.598	100.991	3070	2910	5980
-264.600	112.200	-264.601	100.990	3210	2930	6140
-264.600	112.400	-264.599	100.993	3210	2930	6140
-264.600	112.600	-264.602	100.991	3210	2930	6140
-264.600	112.800	-264.602	100.987	3200	2870	6070
-264.600	113.000	-264.596	100.992	3200	2870	6070
-264.600	113.200	-264.598	100.989	2750	2950	5700
-264.600	113.400	-264.600	100.989	2750	2950	5700
-264.600	113.600	-264.601	100.987	2750	2950	5700
-264.600	113.800	-264.598	100.990	3120	2860	5980
-264.600	114.000	-264.605	100.989	3120	2860	5980
-264.600	114.200	-264.597	100.990	3120	2860	5980
-264.600	114.400	-264.600	100.987	3080	2920	6000
-264.600	114.600	-264.598	100.990	3080	2920	6000
-264.600	114.800	-264.599	100.992	3080	2920	6000
-264.600	115.000	-264.602	100.993	3020	3010	6030
