# PL Mapping - 2025_07_30_10_35_49
# x_req	y_req	x_act	y_act	count1	count2	total
-20.000	-20.000	-19.998	-19.995	43050	43030	86080
-20.000	-19.000	-20.003	-18.997	46300	47180	93480
-20.000	-18.000	-19.999	-17.993	51020	52590	103610
-20.000	-17.000	-20.000	-17.003	50090	50350	100440
-20.000	-16.000	-20.002	-15.999	48840	49700	98540
-20.000	-15.000	-20.002	-14.993	47910	48730	96640
-20.000	-14.000	-20.004	-14.002	53100	54130	107230
-20.000	-13.000	-19.999	-13.001	65000	66510	131510
-20.000	-12.000	-20.000	-12.005	65280	67490	132770
-20.000	-11.000	-20.004	-10.998	55350	57450	112800
-20.000	-10.000	-19.999	-9.998	45730	47510	93240
-20.000	-9.000	-19.997	-8.988	44490	45060	89550
-20.000	-8.000	-20.000	-7.994	43890	44700	88590
-20.000	-7.000	-19.998	-6.995	41230	41810	83040
-20.000	-6.000	-20.001	-5.993	40940	42340	83280
-20.000	-5.000	-20.001	-4.995	38560	39950	78510
-20.000	-4.000	-19.999	-4.004	39120	39900	79020
-20.000	-3.000	-20.002	-3.003	41890	43770	85660
-20.000	-2.000	-19.998	-1.998	43120	44830	87950
-20.000	-1.000	-20.002	-1.000	39920	38990	78910
-20.000	0.000	-19.999	0.006	35070	37520	72590
-20.000	1.000	-19.997	1.000	33150	34290	67440
-20.000	2.000	-20.003	2.000	31590	32450	64040
-20.000	3.000	-19.996	3.005	32730	33450	66180
-20.000	4.000	-20.001	4.008	32130	30840	62970
-20.000	5.000	-20.003	5.003	30420	31000	61420
-20.000	6.000	-20.003	5.993	29490	29060	58550
-20.000	7.000	-19.999	7.001	27660	27960	55620
-20.000	8.000	-19.999	8.001	25140	25520	50660
-20.000	9.000	-19.998	9.002	25650	25560	51210
-20.000	10.000	-20.005	10.005	25940	26040	51980
-20.000	11.000	-20.002	10.999	26700	26790	53490
-20.000	12.000	-20.001	11.995	26630	25220	51850
-20.000	13.000	-20.002	13.008	27200	26510	53710
-20.000	14.000	-19.993	14.006	27350	25350	52700
-20.000	15.000	-19.999	14.998	26480	26970	53450
-20.000	16.000	-19.998	16.003	26630	27570	54200
-20.000	17.000	-19.999	16.992	29110	28780	57890
-20.000	18.000	-20.004	17.996	27500	27780	55280
-20.000	19.000	-20.001	18.996	27890	27420	55310
-20.000	20.000	-19.998	20.017	27670	27000	54670
-19.000	-20.000	-18.999	-20.002	35380	35530	70910
-19.000	-19.000	-19.004	-18.998	40560	40180	80740
-19.000	-18.000	-19.002	-17.997	45030	43730	88760
-19.000	-17.000	-19.001	-16.997	45380	45990	91370
-19.000	-16.000	-19.002	-16.001	44960	45990	90950
-19.000	-15.000	-18.998	-14.991	44400	46290	90690
-19.000	-14.000	-18.998	-14.004	47320	48070	95390
-19.000	-13.000	-18.997	-13.007	47270	47840	95110
-19.000	-12.000	-19.002	-12.001	49670	50120	99790
-19.000	-11.000	-19.000	-11.003	44380	44710	89090
-19.000	-10.000	-19.003	-9.994	39830	39520	79350
-19.000	-9.000	-18.998	-8.998	38900	40860	79760
-19.000	-8.000	-19.002	-7.996	38620	41520	80140
-19.000	-7.000	-18.999	-6.999	38590	39970	78560
-19.000	-6.000	-19.003	-5.995	36910	38580	75490
-19.000	-5.000	-19.001	-4.998	38360	39410	77770
-19.000	-4.000	-19.005	-3.999	37890	39440	77330
-19.000	-3.000	-19.000	-2.996	39660	40750	80410
-19.000	-2.000	-19.004	-2.001	41170	41750	82920
-19.000	-1.000	-18.997	-1.003	37240	39620	76860
-19.000	0.000	-18.997	0.003	33830	34870	68700
-19.000	1.000	-19.004	1.003	32320	34580	66900
-19.000	2.000	-19.000	2.001	32030	34260	66290
-19.000	3.000	-19.001	3.006	31780	31990	63770
-19.000	4.000	-19.000	4.002	30980	31530	62510
-19.000	5.000	-19.002	5.007	29170	30640	59810
-19.000	6.000	-18.999	5.999	28740	29140	57880
-19.000	7.000	-18.999	7.005	27210	27730	54940
-19.000	8.000	-18.999	8.001	25770	26140	51910
-19.000	9.000	-19.004	9.003	26360	25650	52010
-19.000	10.000	-19.001	9.999	24520	25440	49960
-19.000	11.000	-18.998	11.003	25110	25010	50120
-19.000	12.000	-19.002	11.997	25530	25120	50650
-19.000	13.000	-19.003	12.997	26430	24800	51230
-19.000	14.000	-19.000	14.002	24980	26590	51570
-19.000	15.000	-19.001	15.000	25000	25660	50660
-19.000	16.000	-19.005	16.005	25970	25210	51180
-19.000	17.000	-19.001	17.002	27030	25150	52180
-19.000	18.000	-18.996	18.001	25030	25390	50420
-19.000	19.000	-19.003	19.004	25320	25700	51020
-19.000	20.000	-18.999	19.996	25640	25590	51230
-18.000	-20.000	-18.002	-19.999	35880	35170	71050
-18.000	-19.000	-18.000	-18.999	38440	36770	75210
-18.000	-18.000	-17.999	-17.998	38490	38190	76680
-18.000	-17.000	-18.002	-17.000	40590	38860	79450
-18.000	-16.000	-17.998	-16.002	40580	39860	80440
-18.000	-15.000	-17.997	-15.006	40670	40500	81170
-18.000	-14.000	-17.998	-13.999	43110	44470	87580
-18.000	-13.000	-17.998	-13.005	45970	47890	93860
-18.000	-12.000	-18.001	-12.002	44430	45900	90330
-18.000	-11.000	-17.994	-11.007	41420	43040	84460
-18.000	-10.000	-18.001	-9.999	38990	40050	79040
-18.000	-9.000	-17.997	-9.002	38730	39620	78350
-18.000	-8.000	-17.994	-7.999	40310	41930	82240
-18.000	-7.000	-18.000	-7.002	43670	44960	88630
-18.000	-6.000	-18.000	-5.996	40710	41660	82370
-18.000	-5.000	-18.002	-4.999	39850	41970	81820
-18.000	-4.000	-17.997	-4.003	39150	40120	79270
-18.000	-3.000	-17.999	-3.000	38700	40400	79100
-18.000	-2.000	-17.999	-1.995	38090	40200	78290
-18.000	-1.000	-17.999	-1.001	36690	39050	75740
-18.000	0.000	-18.000	0.002	33210	33740	66950
-18.000	1.000	-18.000	0.998	33260	33480	66740
-18.000	2.000	-18.001	2.007	31540	33410	64950
-18.000	3.000	-17.995	2.998	31340	31560	62900
-18.000	4.000	-18.000	4.002	30960	31310	62270
-18.000	5.000	-17.995	5.000	29530	29990	59520
-18.000	6.000	-18.002	6.007	29900	30090	59990
-18.000	7.000	-18.003	7.000	29070	29770	58840
-18.000	8.000	-17.996	7.997	25720	26220	51940
-18.000	9.000	-18.000	9.005	24320	25240	49560
-18.000	10.000	-17.998	10.001	24500	23890	48390
-18.000	11.000	-18.000	10.999	24040	24940	48980
-18.000	12.000	-18.000	11.994	23510	24370	47880
-18.000	13.000	-18.003	13.003	24680	24300	48980
-18.000	14.000	-18.002	13.998	24910	24700	49610
-18.000	15.000	-17.998	14.993	25610	25420	51030
-18.000	16.000	-17.997	16.008	25690	24660	50350
-18.000	17.000	-17.999	17.000	24490	24050	48540
-18.000	18.000	-17.998	17.999	26840	25510	52350
-18.000	19.000	-18.001	19.001	25520	24890	50410
-18.000	20.000	-17.998	19.999	23920	24570	48490
-17.000	-20.000	-17.007	-19.997	41240	41020	82260
-17.000	-19.000	-16.996	-18.986	37590	36950	74540
-17.000	-18.000	-17.001	-17.992	37730	36890	74620
-17.000	-17.000	-16.998	-16.996	37590	37050	74640
-17.000	-16.000	-17.001	-15.999	39540	37750	77290
-17.000	-15.000	-16.997	-15.000	41400	41530	82930
-17.000	-14.000	-16.994	-14.000	44160	42820	86980
-17.000	-13.000	-17.002	-12.999	45480	46700	92180
-17.000	-12.000	-17.000	-11.998	48140	49820	97960
-17.000	-11.000	-17.000	-10.996	44810	46800	91610
-17.000	-10.000	-17.000	-10.009	42130	43630	85760
-17.000	-9.000	-17.006	-9.001	42610	44610	87220
-17.000	-8.000	-16.999	-8.008	43330	45240	88570
-17.000	-7.000	-17.000	-6.997	41710	43470	85180
-17.000	-6.000	-16.996	-5.995	42360	43440	85800
-17.000	-5.000	-16.998	-4.996	44270	46750	91020
-17.000	-4.000	-16.999	-3.997	44330	44410	88740
-17.000	-3.000	-16.999	-2.998	45760	47090	92850
-17.000	-2.000	-17.001	-2.002	40340	39920	80260
-17.000	-1.000	-16.999	-1.004	36860	39010	75870
-17.000	0.000	-17.001	-0.000	33920	33700	67620
-17.000	1.000	-17.002	0.998	33190	34510	67700
-17.000	2.000	-16.998	1.997	32180	32290	64470
-17.000	3.000	-17.003	3.001	31900	32170	64070
-17.000	4.000	-16.999	3.996	31690	34060	65750
-17.000	5.000	-17.002	4.997	30510	31610	62120
-17.000	6.000	-17.001	6.007	30610	29850	60460
-17.000	7.000	-17.001	7.008	25780	27070	52850
-17.000	8.000	-16.999	8.006	23930	24840	48770
-17.000	9.000	-17.005	8.998	24560	23940	48500
-17.000	10.000	-16.998	10.003	23090	24090	47180
-17.000	11.000	-17.000	11.000	24160	23700	47860
-17.000	12.000	-17.001	11.999	23750	24580	48330
-17.000	13.000	-16.999	13.001	23900	24010	47910
-17.000	14.000	-16.998	14.002	24210	25050	49260
-17.000	15.000	-16.996	14.999	24290	24050	48340
-17.000	16.000	-17.001	16.001	24260	24970	49230
-17.000	17.000	-16.999	16.997	23590	25570	49160
-17.000	18.000	-17.001	18.003	24890	25200	50090
-17.000	19.000	-16.999	18.997	23720	23540	47260
-17.000	20.000	-16.996	20.006	25030	23870	48900
-16.000	-20.000	-16.000	-20.003	51510	48940	100450
-16.000	-19.000	-16.001	-19.003	43700	41570	85270
-16.000	-18.000	-16.002	-17.997	38870	38690	77560
-16.000	-17.000	-16.001	-16.997	37540	37270	74810
-16.000	-16.000	-16.000	-15.991	36880	36190	73070
-16.000	-15.000	-16.000	-15.005	39270	41570	80840
-16.000	-14.000	-15.999	-13.999	43170	42710	85880
-16.000	-13.000	-15.999	-13.004	45810	45420	91230
-16.000	-12.000	-15.996	-12.000	43960	45490	89450
-16.000	-11.000	-15.997	-10.999	44940	46130	91070
-16.000	-10.000	-16.003	-9.994	47610	48610	96220
-16.000	-9.000	-15.999	-8.999	43000	43370	86370
-16.000	-8.000	-15.998	-8.001	43760	42800	86560
-16.000	-7.000	-16.008	-7.003	43610	44760	88370
-16.000	-6.000	-15.998	-6.005	43710	42990	86700
-16.000	-5.000	-16.007	-5.003	44060	44310	88370
-16.000	-4.000	-15.998	-3.998	45720	47080	92800
-16.000	-3.000	-16.002	-3.010	48580	51530	100110
-16.000	-2.000	-16.000	-2.004	49350	50580	99930
-16.000	-1.000	-15.997	-1.002	42940	44340	87280
-16.000	0.000	-16.001	0.011	36880	36660	73540
-16.000	1.000	-16.000	1.002	34570	34630	69200
-16.000	2.000	-15.998	1.998	34220	33720	67940
-16.000	3.000	-15.997	3.000	34510	34000	68510
-16.000	4.000	-16.002	4.000	33880	35750	69630
-16.000	5.000	-16.002	5.005	34290	34110	68400
-16.000	6.000	-16.000	5.994	28970	29720	58690
-16.000	7.000	-15.997	7.011	26720	26160	52880
-16.000	8.000	-16.003	7.999	24310	23340	47650
-16.000	9.000	-15.995	8.994	24590	24770	49360
-16.000	10.000	-15.996	10.002	23180	23780	46960
-16.000	11.000	-16.004	10.999	23980	23720	47700
-16.000	12.000	-16.001	12.002	23090	22730	45820
-16.000	13.000	-16.004	13.003	23100	23170	46270
-16.000	14.000	-16.000	13.995	24480	23990	48470
-16.000	15.000	-15.999	15.000	24030	24680	48710
-16.000	16.000	-16.000	15.998	23910	24110	48020
-16.000	17.000	-15.997	17.004	24980	25210	50190
-16.000	18.000	-16.000	17.998	25020	25230	50250
-16.000	19.000	-16.003	19.002	23720	25220	48940
-16.000	20.000	-15.996	20.000	24020	24580	48600
-15.000	-20.000	-15.002	-20.002	46040	46650	92690
-15.000	-19.000	-15.000	-19.000	42970	44000	86970
-15.000	-18.000	-15.003	-18.003	43030	42500	85530
-15.000	-17.000	-14.999	-17.003	42320	41630	83950
-15.000	-16.000	-15.000	-15.995	40290	40250	80540
-15.000	-15.000	-14.995	-14.995	42360	42690	85050
-15.000	-14.000	-15.000	-14.004	44660	43330	87990
-15.000	-13.000	-15.001	-12.994	44610	44190	88800
-15.000	-12.000	-15.003	-12.001	45120	45940	91060
-15.000	-11.000	-15.000	-10.994	44730	44030	88760
-15.000	-10.000	-15.001	-10.003	46840	47340	94180
-15.000	-9.000	-14.994	-9.005	47070	47810	94880
-15.000	-8.000	-14.998	-7.999	44960	45070	90030
-15.000	-7.000	-15.001	-7.002	46040	45600	91640
-15.000	-6.000	-15.000	-6.002	44730	46900	91630
-15.000	-5.000	-15.001	-4.995	44440	46240	90680
-15.000	-4.000	-15.002	-4.003	44150	44100	88250
-15.000	-3.000	-14.999	-3.002	44290	45530	89820
-15.000	-2.000	-14.997	-2.004	47390	48120	95510
-15.000	-1.000	-15.003	-1.007	48820	51430	100250
-15.000	0.000	-14.999	0.002	44860	46860	91720
-15.000	1.000	-15.000	1.002	37770	38540	76310
-15.000	2.000	-14.999	1.999	35020	35970	70990
-15.000	3.000	-15.001	2.990	33860	35340	69200
-15.000	4.000	-14.999	3.993	34300	35560	69860
-15.000	5.000	-15.005	5.001	32190	30970	63160
-15.000	6.000	-14.998	5.995	28140	26840	54980
-15.000	7.000	-15.000	7.005	25960	24320	50280
-15.000	8.000	-14.997	7.999	24650	23860	48510
-15.000	9.000	-15.003	8.997	24390	24270	48660
-15.000	10.000	-15.001	10.000	23640	24740	48380
-15.000	11.000	-14.999	10.997	24530	23540	48070
-15.000	12.000	-15.001	12.010	25290	24210	49500
-15.000	13.000	-15.003	13.003	24600	22980	47580
-15.000	14.000	-15.000	14.004	24170	24230	48400
-15.000	15.000	-14.999	15.001	24110	24560	48670
-15.000	16.000	-15.004	15.996	24480	25450	49930
-15.000	17.000	-15.005	16.998	24630	23670	48300
-15.000	18.000	-14.996	17.992	23440	24520	47960
-15.000	19.000	-14.999	18.993	23690	24670	48360
-15.000	20.000	-15.000	19.999	24740	25090	49830
-14.000	-20.000	-14.005	-20.005	50620	53160	103780
-14.000	-19.000	-14.000	-18.998	41540	41280	82820
-14.000	-18.000	-14.001	-17.996	39930	39090	79020
-14.000	-17.000	-13.996	-16.998	39660	40440	80100
-14.000	-16.000	-14.004	-16.003	40230	41360	81590
-14.000	-15.000	-14.000	-15.002	44860	45950	90810
-14.000	-14.000	-14.000	-13.998	45260	43290	88550
-14.000	-13.000	-14.000	-12.999	43340	42330	85670
-14.000	-12.000	-14.002	-12.000	41670	42850	84520
-14.000	-11.000	-13.999	-11.008	44650	44270	88920
-14.000	-10.000	-14.000	-10.005	42590	43350	85940
-14.000	-9.000	-14.004	-8.997	43610	44430	88040
-14.000	-8.000	-14.001	-7.997	46950	46850	93800
-14.000	-7.000	-14.000	-6.999	47190	47330	94520
-14.000	-6.000	-13.999	-6.000	45780	46630	92410
-14.000	-5.000	-14.002	-4.999	41930	42110	84040
-14.000	-4.000	-13.995	-3.999	41020	40820	81840
-14.000	-3.000	-14.000	-2.997	40930	42680	83610
-14.000	-2.000	-13.999	-1.995	46450	46100	92550
-14.000	-1.000	-14.005	-1.001	45440	47550	92990
-14.000	0.000	-14.001	0.001	50290	51430	101720
-14.000	1.000	-13.997	1.004	49890	52890	102780
-14.000	2.000	-14.001	1.997	44540	44570	89110
-14.000	3.000	-14.004	3.001	42340	41710	84050
-14.000	4.000	-14.001	4.013	34580	34240	68820
-14.000	5.000	-14.002	4.998	29310	29420	58730
-14.000	6.000	-13.999	5.996	26150	25760	51910
-14.000	7.000	-14.000	7.003	24160	24090	48250
-14.000	8.000	-14.003	7.999	24250	24440	48690
-14.000	9.000	-13.999	9.005	24280	24090	48370
-14.000	10.000	-14.003	9.999	23930	24580	48510
-14.000	11.000	-14.000	11.009	25080	24410	49490
-14.000	12.000	-14.003	11.987	24790	23810	48600
-14.000	13.000	-13.999	13.001	23660	24660	48320
-14.000	14.000	-14.003	14.002	23430	22970	46400
-14.000	15.000	-14.001	15.006	22800	22790	45590
-14.000	16.000	-14.000	16.003	23790	23620	47410
-14.000	17.000	-14.003	17.000	24560	23850	48410
-14.000	18.000	-13.999	18.012	24120	24820	48940
-14.000	19.000	-13.999	18.998	24510	23770	48280
-14.000	20.000	-13.999	20.000	24400	22920	47320
-13.000	-20.000	-13.002	-20.003	50810	53680	104490
-13.000	-19.000	-12.990	-19.000	43180	43970	87150
-13.000	-18.000	-13.003	-18.001	38890	39950	78840
-13.000	-17.000	-12.996	-17.001	39510	40140	79650
-13.000	-16.000	-13.007	-16.002	37810	37840	75650
-13.000	-15.000	-12.993	-14.997	40880	40370	81250
-13.000	-14.000	-13.004	-14.001	40810	41320	82130
-13.000	-13.000	-12.994	-12.995	39760	38770	78530
-13.000	-12.000	-12.997	-11.994	38590	40030	78620
-13.000	-11.000	-12.999	-11.001	38530	38830	77360
-13.000	-10.000	-12.999	-10.006	37580	37710	75290
-13.000	-9.000	-12.998	-8.996	38640	39180	77820
-13.000	-8.000	-13.001	-7.999	37360	37380	74740
-13.000	-7.000	-13.000	-7.004	40470	41940	82410
-13.000	-6.000	-12.999	-6.000	37710	39690	77400
-13.000	-5.000	-12.996	-5.001	33350	33760	67110
-13.000	-4.000	-12.999	-4.001	34430	34420	68850
-13.000	-3.000	-13.001	-3.003	35910	35380	71290
-13.000	-2.000	-12.999	-1.996	38630	38360	76990
-13.000	-1.000	-13.000	-1.002	41830	41510	83340
-13.000	0.000	-12.992	0.004	43140	47690	90830
-13.000	1.000	-12.999	1.005	47380	49890	97270
-13.000	2.000	-12.999	2.000	54470	56230	110700
-13.000	3.000	-13.000	2.999	52690	53180	105870
-13.000	4.000	-12.998	4.002	33940	35370	69310
-13.000	5.000	-12.998	5.001	29000	29190	58190
-13.000	6.000	-12.998	5.998	25670	24440	50110
-13.000	7.000	-12.999	6.989	23440	24080	47520
-13.000	8.000	-13.003	8.000	24570	23690	48260
-13.000	9.000	-13.001	9.002	24300	23770	48070
-13.000	10.000	-12.996	10.001	25370	24490	49860
-13.000	11.000	-13.000	11.005	24880	24990	49870
-13.000	12.000	-13.002	11.998	24410	23670	48080
-13.000	13.000	-13.000	13.001	25470	24450	49920
-13.000	14.000	-13.001	14.001	23180	22880	46060
-13.000	15.000	-12.997	15.003	23450	23540	46990
-13.000	16.000	-13.001	15.998	23560	23890	47450
-13.000	17.000	-13.001	17.000	23510	24230	47740
-13.000	18.000	-12.996	17.999	24700	24290	48990
-13.000	19.000	-13.001	19.002	23140	24410	47550
-13.000	20.000	-12.997	20.004	23750	23680	47430
-12.000	-20.000	-11.993	-19.999	50940	52290	103230
-12.000	-19.000	-11.994	-18.997	42030	43580	85610
-12.000	-18.000	-12.002	-17.998	38950	40730	79680
-12.000	-17.000	-11.998	-17.001	37220	37910	75130
-12.000	-16.000	-11.997	-16.002	38340	40000	78340
-12.000	-15.000	-11.998	-14.998	39190	39960	79150
-12.000	-14.000	-11.998	-13.999	37190	38450	75640
-12.000	-13.000	-11.994	-12.995	36970	37930	74900
-12.000	-12.000	-12.003	-12.000	35380	37050	72430
-12.000	-11.000	-11.999	-10.998	32250	33800	66050
-12.000	-10.000	-12.001	-9.999	29220	29580	58800
-12.000	-9.000	-12.001	-9.001	28190	28680	56870
-12.000	-8.000	-11.999	-8.004	27570	29060	56630
-12.000	-7.000	-11.995	-7.004	30400	30060	60460
-12.000	-6.000	-11.992	-6.012	28750	29310	58060
-12.000	-5.000	-11.998	-4.998	29650	30710	60360
-12.000	-4.000	-12.000	-3.999	31000	31630	62630
-12.000	-3.000	-12.000	-3.001	29320	31340	60660
-12.000	-2.000	-11.995	-2.010	33630	33630	67260
-12.000	-1.000	-12.003	-1.001	36740	36510	73250
-12.000	0.000	-12.005	0.004	39530	41040	80570
-12.000	1.000	-11.998	1.004	43930	45060	88990
-12.000	2.000	-11.997	2.008	48800	51420	100220
-12.000	3.000	-11.999	2.996	44470	46980	91450
-12.000	4.000	-11.999	4.004	33300	34410	67710
-12.000	5.000	-12.002	4.995	27050	27090	54140
-12.000	6.000	-11.999	6.005	24120	24780	48900
-12.000	7.000	-11.994	7.006	23350	23300	46650
-12.000	8.000	-11.999	7.996	23740	24110	47850
-12.000	9.000	-12.002	9.006	24500	23310	47810
-12.000	10.000	-11.996	10.006	24480	25050	49530
-12.000	11.000	-12.001	11.002	25230	23510	48740
-12.000	12.000	-12.003	11.997	23560	23460	47020
-12.000	13.000	-11.999	12.999	23470	23660	47130
-12.000	14.000	-11.999	13.998	24330	22980	47310
-12.000	15.000	-12.001	15.002	23730	24010	47740
-12.000	16.000	-11.997	15.996	23530	23420	46950
-12.000	17.000	-12.000	17.000	24600	23920	48520
-12.000	18.000	-12.001	18.000	23810	23480	47290
-12.000	19.000	-11.997	18.998	23950	23420	47370
-12.000	20.000	-12.004	19.999	24570	22980	47550
-11.000	-20.000	-11.004	-20.004	51220	53130	104350
-11.000	-19.000	-10.999	-18.993	43550	45570	89120
-11.000	-18.000	-10.999	-18.001	40080	41890	81970
-11.000	-17.000	-11.000	-17.003	38790	41560	80350
-11.000	-16.000	-10.995	-15.999	37750	39480	77230
-11.000	-15.000	-11.003	-15.009	40200	42330	82530
-11.000	-14.000	-11.006	-14.000	37820	40900	78720
-11.000	-13.000	-10.997	-13.001	35570	36840	72410
-11.000	-12.000	-10.999	-11.996	33650	34900	68550
-11.000	-11.000	-11.002	-11.001	30330	31450	61780
-11.000	-10.000	-11.002	-10.002	24670	24460	49130
-11.000	-9.000	-11.003	-9.005	22670	21620	44290
-11.000	-8.000	-10.998	-8.001	22020	21900	43920
-11.000	-7.000	-11.002	-7.001	20700	22910	43610
-11.000	-6.000	-11.000	-5.998	21980	22860	44840
-11.000	-5.000	-10.998	-5.002	22870	22780	45650
-11.000	-4.000	-11.003	-4.002	25400	27890	53290
-11.000	-3.000	-11.000	-2.999	31410	31810	63220
-11.000	-2.000	-11.001	-1.999	31750	31870	63620
-11.000	-1.000	-11.001	-1.000	31760	32320	64080
-11.000	0.000	-10.998	0.001	33110	32430	65540
-11.000	1.000	-10.999	1.000	36300	37920	74220
-11.000	2.000	-11.000	2.005	41160	41880	83040
-11.000	3.000	-10.998	3.002	37400	38760	76160
-11.000	4.000	-10.998	3.996	28330	28640	56970
-11.000	5.000	-10.996	5.002	25410	26430	51840
-11.000	6.000	-11.003	5.994	21870	23500	45370
-11.000	7.000	-11.000	6.996	23670	23320	46990
-11.000	8.000	-11.002	7.995	22840	22340	45180
-11.000	9.000	-11.002	9.005	23290	23510	46800
-11.000	10.000	-11.001	9.997	23040	22950	45990
-11.000	11.000	-11.000	10.998	23410	23310	46720
-11.000	12.000	-11.001	12.003	22600	23070	45670
-11.000	13.000	-11.004	13.003	23060	23590	46650
-11.000	14.000	-10.999	14.003	23200	23540	46740
-11.000	15.000	-10.999	15.003	23860	23950	47810
-11.000	16.000	-11.002	16.010	23180	22510	45690
-11.000	17.000	-10.997	16.998	23660	24170	47830
-11.000	18.000	-10.999	18.001	24090	24100	48190
-11.000	19.000	-10.999	19.001	23580	23290	46870
-11.000	20.000	-11.002	20.003	24160	24060	48220
-10.000	-20.000	-9.998	-19.996	50070	52660	102730
-10.000	-19.000	-10.001	-19.002	46330	46240	92570
-10.000	-18.000	-10.000	-18.000	39780	41570	81350
-10.000	-17.000	-10.000	-17.003	37750	39930	77680
-10.000	-16.000	-9.999	-16.004	41000	42920	83920
-10.000	-15.000	-10.000	-15.000	45720	49560	95280
-10.000	-14.000	-10.002	-13.995	47770	50740	98510
-10.000	-13.000	-9.992	-12.999	43220	43730	86950
-10.000	-12.000	-9.999	-11.998	45660	46420	92080
-10.000	-11.000	-10.002	-10.992	35560	37810	73370
-10.000	-10.000	-10.001	-10.000	24750	27090	51840
-10.000	-9.000	-10.002	-9.000	20280	22380	42660
-10.000	-8.000	-10.000	-8.004	18520	18440	36960
-10.000	-7.000	-10.005	-6.999	18310	19100	37410
-10.000	-6.000	-9.999	-5.998	19220	20090	39310
-10.000	-5.000	-9.999	-4.999	20140	20830	40970
-10.000	-4.000	-9.998	-3.998	22650	24150	46800
-10.000	-3.000	-10.000	-3.005	27580	27990	55570
-10.000	-2.000	-10.002	-1.997	31380	33400	64780
-10.000	-1.000	-10.001	-1.001	32240	35240	67480
-10.000	0.000	-9.997	0.000	31030	32630	63660
-10.000	1.000	-9.995	1.005	29620	32080	61700
-10.000	2.000	-9.999	2.003	31770	32390	64160
-10.000	3.000	-10.002	2.996	31450	33120	64570
-10.000	4.000	-9.995	4.001	26490	28070	54560
-10.000	5.000	-9.999	4.991	23930	25170	49100
-10.000	6.000	-10.001	6.007	23080	23630	46710
-10.000	7.000	-9.998	7.005	23290	22740	46030
-10.000	8.000	-10.002	7.992	23250	22860	46110
-10.000	9.000	-9.999	9.002	23440	23400	46840
-10.000	10.000	-9.996	10.005	23150	22970	46120
-10.000	11.000	-9.999	10.995	23190	23030	46220
-10.000	12.000	-10.001	11.997	22890	22440	45330
-10.000	13.000	-10.001	12.999	22510	22500	45010
-10.000	14.000	-10.000	14.001	23920	23220	47140
-10.000	15.000	-10.002	14.996	22490	22350	44840
-10.000	16.000	-10.001	15.999	22940	22860	45800
-10.000	17.000	-10.000	17.000	23850	24280	48130
-10.000	18.000	-10.000	18.002	24520	24090	48610
-10.000	19.000	-10.006	18.999	23600	23760	47360
-10.000	20.000	-9.999	19.998	24990	24540	49530
-9.000	-20.000	-8.997	-20.000	64680	67310	131990
-9.000	-19.000	-8.999	-18.994	50630	51310	101940
-9.000	-18.000	-9.000	-18.000	40170	43300	83470
-9.000	-17.000	-9.000	-16.999	37390	39400	76790
-9.000	-16.000	-9.004	-15.997	52990	54660	107650
-9.000	-15.000	-8.999	-15.006	62740	67220	129960
-9.000	-14.000	-8.996	-13.996	53970	56230	110200
-9.000	-13.000	-8.997	-12.994	51560	54960	106520
-9.000	-12.000	-9.003	-12.003	52110	55820	107930
-9.000	-11.000	-9.001	-11.002	39640	42770	82410
-9.000	-10.000	-8.996	-9.995	27820	28520	56340
-9.000	-9.000	-8.997	-9.000	22630	22910	45540
-9.000	-8.000	-9.000	-8.002	17900	19140	37040
-9.000	-7.000	-9.000	-6.999	16760	18580	35340
-9.000	-6.000	-8.996	-6.000	17110	17490	34600
-9.000	-5.000	-9.000	-5.006	18530	18960	37490
-9.000	-4.000	-8.997	-4.000	20060	22170	42230
-9.000	-3.000	-9.002	-3.000	27080	28000	55080
-9.000	-2.000	-8.995	-2.001	30200	31770	61970
-9.000	-1.000	-9.000	-1.001	33660	34190	67850
-9.000	0.000	-9.000	0.003	35650	38900	74550
-9.000	1.000	-9.004	0.996	31080	32680	63760
-9.000	2.000	-8.995	2.001	30360	30400	60760
-9.000	3.000	-9.000	3.004	27100	26400	53500
-9.000	4.000	-9.005	4.002	25140	25510	50650
-9.000	5.000	-9.005	5.002	23280	24650	47930
-9.000	6.000	-8.998	5.995	23030	22410	45440
-9.000	7.000	-9.000	7.004	22170	23060	45230
-9.000	8.000	-8.999	7.996	23070	23640	46710
-9.000	9.000	-8.997	8.999	23350	24080	47430
-9.000	10.000	-8.996	9.998	23390	24160	47550
-9.000	11.000	-8.998	11.000	22830	23690	46520
-9.000	12.000	-8.998	12.002	22470	22940	45410
-9.000	13.000	-8.997	13.003	22860	22660	45520
-9.000	14.000	-8.998	14.005	22660	22830	45490
-9.000	15.000	-8.997	14.997	23100	23070	46170
-9.000	16.000	-9.000	15.995	23730	23880	47610
-9.000	17.000	-9.003	17.000	24690	23980	48670
-9.000	18.000	-8.999	18.000	23730	24130	47860
-9.000	19.000	-8.998	18.998	23320	23180	46500
-9.000	20.000	-9.002	20.003	24610	23790	48400
-8.000	-20.000	-8.000	-19.997	64180	63980	128160
-8.000	-19.000	-7.998	-18.997	46160	48680	94840
-8.000	-18.000	-8.001	-17.999	41260	41780	83040
-8.000	-17.000	-7.998	-16.995	41080	42850	83930
-8.000	-16.000	-8.000	-15.999	57180	58400	115580
-8.000	-15.000	-8.002	-15.002	78940	82580	161520
-8.000	-14.000	-8.001	-14.002	60460	61730	122190
-8.000	-13.000	-8.001	-13.009	51460	55280	106740
-8.000	-12.000	-7.998	-11.998	53440	57380	110820
-8.000	-11.000	-7.999	-10.996	38680	42100	80780
-8.000	-10.000	-7.998	-9.993	33650	36380	70030
-8.000	-9.000	-8.001	-8.997	29480	30530	60010
-8.000	-8.000	-8.001	-8.002	19610	19130	38740
-8.000	-7.000	-7.999	-7.001	17520	17770	35290
-8.000	-6.000	-8.002	-6.006	17740	18170	35910
-8.000	-5.000	-8.003	-5.007	18270	18910	37180
-8.000	-4.000	-7.999	-4.007	20000	21270	41270
-8.000	-3.000	-8.002	-2.995	22610	23090	45700
-8.000	-2.000	-8.000	-2.001	28150	27390	55540
-8.000	-1.000	-7.997	-1.001	30620	31380	62000
-8.000	0.000	-7.996	0.005	33690	36190	69880
-8.000	1.000	-8.003	1.006	35420	38010	73430
-8.000	2.000	-8.002	2.004	33370	32710	66080
-8.000	3.000	-8.003	3.004	25950	26380	52330
-8.000	4.000	-7.997	4.000	24190	25050	49240
-8.000	5.000	-7.998	4.998	22750	23560	46310
-8.000	6.000	-8.002	6.004	23120	23370	46490
-8.000	7.000	-7.999	7.003	23220	24090	47310
-8.000	8.000	-8.001	7.998	23110	23150	46260
-8.000	9.000	-7.998	9.001	23470	22960	46430
-8.000	10.000	-8.000	10.000	23510	22470	45980
-8.000	11.000	-8.002	10.996	22810	23240	46050
-8.000	12.000	-8.000	11.997	22960	23590	46550
-8.000	13.000	-8.003	12.999	23470	21800	45270
-8.000	14.000	-8.002	14.001	21890	22300	44190
-8.000	15.000	-7.999	14.998	22550	23940	46490
-8.000	16.000	-7.998	15.999	23460	23870	47330
-8.000	17.000	-8.002	16.990	23350	23600	46950
-8.000	18.000	-8.000	18.001	23350	24090	47440
-8.000	19.000	-8.000	18.993	23400	23420	46820
-8.000	20.000	-7.999	19.996	23670	23460	47130
-7.000	-20.000	-6.998	-19.997	60730	62110	122840
-7.000	-19.000	-7.004	-19.004	46570	47430	94000
-7.000	-18.000	-7.001	-17.989	42510	43150	85660
-7.000	-17.000	-6.997	-17.001	42560	44720	87280
-7.000	-16.000	-7.005	-16.004	52860	56010	108870
-7.000	-15.000	-6.999	-15.001	71560	74020	145580
-7.000	-14.000	-7.001	-14.007	54790	58840	113630
-7.000	-13.000	-7.000	-12.996	51300	54000	105300
-7.000	-12.000	-6.996	-11.996	51010	53770	104780
-7.000	-11.000	-7.002	-11.007	41170	42610	83780
-7.000	-10.000	-6.996	-10.003	35200	37780	72980
-7.000	-9.000	-7.002	-9.004	28700	30290	58990
-7.000	-8.000	-6.997	-8.003	20190	21190	41380
-7.000	-7.000	-7.000	-6.997	17610	18590	36200
-7.000	-6.000	-7.000	-6.001	17170	17400	34570
-7.000	-5.000	-7.000	-5.002	17460	18750	36210
-7.000	-4.000	-6.995	-3.998	18270	20240	38510
-7.000	-3.000	-6.998	-3.005	20450	20080	40530
-7.000	-2.000	-7.003	-1.994	22990	25330	48320
-7.000	-1.000	-7.000	-1.004	29390	31560	60950
-7.000	0.000	-7.002	0.003	32520	33400	65920
-7.000	1.000	-7.003	1.001	33260	34110	67370
-7.000	2.000	-6.999	2.001	31500	31890	63390
-7.000	3.000	-7.001	3.004	27260	27300	54560
-7.000	4.000	-6.999	4.003	22940	24770	47710
-7.000	5.000	-7.004	4.996	22680	22970	45650
-7.000	6.000	-7.002	5.999	21520	22930	44450
-7.000	7.000	-6.996	6.997	22450	23030	45480
-7.000	8.000	-6.995	8.000	22870	22750	45620
-7.000	9.000	-7.003	9.004	23180	21670	44850
-7.000	10.000	-7.000	10.004	22780	22570	45350
-7.000	11.000	-7.002	11.001	22590	22800	45390
-7.000	12.000	-7.002	12.009	22240	23230	45470
-7.000	13.000	-6.999	13.001	22690	22500	45190
-7.000	14.000	-6.996	14.001	23300	22880	46180
-7.000	15.000	-7.000	15.000	23380	23530	46910
-7.000	16.000	-7.000	16.002	23130	23210	46340
-7.000	17.000	-6.998	17.001	23080	23490	46570
-7.000	18.000	-7.001	17.999	23170	23860	47030
-7.000	19.000	-6.998	18.993	23960	23210	47170
-7.000	20.000	-7.002	19.999	23610	24180	47790
-6.000	-20.000	-5.998	-20.003	49010	50210	99220
-6.000	-19.000	-5.996	-19.000	46710	45970	92680
-6.000	-18.000	-6.003	-18.002	39610	41100	80710
-6.000	-17.000	-5.998	-16.999	39700	41060	80760
-6.000	-16.000	-5.996	-16.007	58620	60790	119410
-6.000	-15.000	-5.998	-14.996	63690	64500	128190
-6.000	-14.000	-5.997	-13.994	50750	53480	104230
-6.000	-13.000	-6.002	-13.006	48220	48830	97050
-6.000	-12.000	-6.001	-11.993	54130	54640	108770
-6.000	-11.000	-5.996	-10.998	43260	44980	88240
-6.000	-10.000	-6.002	-9.996	36660	38450	75110
-6.000	-9.000	-5.998	-8.997	26950	27850	54800
-6.000	-8.000	-5.997	-8.000	21790	23920	45710
-6.000	-7.000	-6.003	-7.002	17640	19500	37140
-6.000	-6.000	-6.001	-6.008	17450	18290	35740
-6.000	-5.000	-5.998	-4.998	17930	19000	36930
-6.000	-4.000	-5.998	-4.002	17530	18060	35590
-6.000	-3.000	-6.002	-2.998	17850	19150	37000
-6.000	-2.000	-6.004	-1.995	22150	23200	45350
-6.000	-1.000	-6.000	-0.999	27020	26750	53770
-6.000	0.000	-6.003	-0.001	29410	30400	59810
-6.000	1.000	-6.000	1.004	31570	33290	64860
-6.000	2.000	-6.002	1.995	28720	29840	58560
-6.000	3.000	-5.998	3.000	25150	25430	50580
-6.000	4.000	-6.001	4.000	23010	23040	46050
-6.000	5.000	-6.002	4.996	23030	22980	46010
-6.000	6.000	-5.997	6.001	22620	22590	45210
-6.000	7.000	-5.997	7.002	24090	23150	47240
-6.000	8.000	-6.003	8.004	23330	23310	46640
-6.000	9.000	-5.997	9.001	23280	23060	46340
-6.000	10.000	-5.998	10.001	23480	22800	46280
-6.000	11.000	-5.998	11.002	22460	23070	45530
-6.000	12.000	-6.000	12.000	23210	22830	46040
-6.000	13.000	-6.001	12.998	23000	22650	45650
-6.000	14.000	-5.997	14.005	21590	22020	43610
-6.000	15.000	-5.999	14.996	22560	22090	44650
-6.000	16.000	-5.997	15.997	23360	23070	46430
-6.000	17.000	-6.000	16.997	23240	23720	46960
-6.000	18.000	-6.003	17.991	22890	23440	46330
-6.000	19.000	-6.004	19.004	23980	23490	47470
-6.000	20.000	-5.998	19.999	23710	23820	47530
-5.000	-20.000	-5.003	-19.998	51070	52610	103680
-5.000	-19.000	-4.999	-18.994	43550	43990	87540
-5.000	-18.000	-4.991	-18.007	39800	40640	80440
-5.000	-17.000	-5.000	-17.000	37160	39660	76820
-5.000	-16.000	-5.000	-15.995	51380	51850	103230
-5.000	-15.000	-4.999	-15.003	53540	56240	109780
-5.000	-14.000	-5.005	-14.005	46940	48510	95450
-5.000	-13.000	-5.006	-12.999	47350	48780	96130
-5.000	-12.000	-4.997	-12.002	56810	58320	115130
-5.000	-11.000	-5.002	-11.000	46560	48070	94630
-5.000	-10.000	-5.000	-9.999	38450	41200	79650
-5.000	-9.000	-4.997	-8.998	30050	31190	61240
-5.000	-8.000	-4.998	-7.995	24140	24540	48680
-5.000	-7.000	-5.002	-6.994	18430	19770	38200
-5.000	-6.000	-4.995	-6.008	18510	18150	36660
-5.000	-5.000	-5.004	-4.999	17820	18190	36010
-5.000	-4.000	-5.002	-3.996	17730	18920	36650
-5.000	-3.000	-5.001	-3.004	17800	18400	36200
-5.000	-2.000	-5.000	-1.992	18940	20130	39070
-5.000	-1.000	-5.000	-0.995	22270	23290	45560
-5.000	0.000	-4.999	-0.002	24010	25140	49150
-5.000	1.000	-5.002	1.008	26600	27060	53660
-5.000	2.000	-5.001	1.995	24900	24860	49760
-5.000	3.000	-5.003	2.998	23950	24160	48110
-5.000	4.000	-5.000	3.998	22880	23740	46620
-5.000	5.000	-5.004	4.995	23160	22020	45180
-5.000	6.000	-4.997	6.003	21330	21650	42980
-5.000	7.000	-5.003	7.002	22790	22800	45590
-5.000	8.000	-4.997	8.005	22960	22190	45150
-5.000	9.000	-4.997	9.000	23110	22560	45670
-5.000	10.000	-4.998	10.001	22430	21700	44130
-5.000	11.000	-5.003	11.001	22330	23630	45960
-5.000	12.000	-5.003	12.001	21730	22940	44670
-5.000	13.000	-5.005	13.002	20970	21780	42750
-5.000	14.000	-4.997	14.002	22420	23990	46410
-5.000	15.000	-5.002	14.998	22840	22200	45040
-5.000	16.000	-5.001	16.002	22790	23080	45870
-5.000	17.000	-4.999	17.003	22420	22900	45320
-5.000	18.000	-5.001	18.002	23950	24180	48130
-5.000	19.000	-5.003	19.000	23600	23000	46600
-5.000	20.000	-4.999	19.992	24320	23680	48000
-4.000	-20.000	-3.999	-20.004	47490	48160	95650
-4.000	-19.000	-4.000	-18.999	39560	39100	78660
-4.000	-18.000	-4.002	-17.995	34970	34020	68990
-4.000	-17.000	-4.001	-16.995	35800	36610	72410
-4.000	-16.000	-4.001	-15.998	46250	48810	95060
-4.000	-15.000	-4.005	-14.997	49460	51540	101000
-4.000	-14.000	-3.998	-14.002	50510	52830	103340
-4.000	-13.000	-3.998	-12.997	52840	55560	108400
-4.000	-12.000	-4.002	-12.004	53520	55510	109030
-4.000	-11.000	-3.995	-10.999	50490	55220	105710
-4.000	-10.000	-4.006	-9.999	42990	48560	91550
-4.000	-9.000	-4.002	-9.002	37170	41330	78500
-4.000	-8.000	-4.003	-7.999	28290	30910	59200
-4.000	-7.000	-3.999	-6.997	23460	24480	47940
-4.000	-6.000	-3.998	-5.997	20270	20500	40770
-4.000	-5.000	-3.998	-4.996	21420	22240	43660
-4.000	-4.000	-3.999	-3.998	21850	21630	43480
-4.000	-3.000	-3.999	-3.002	19160	20360	39520
-4.000	-2.000	-4.002	-2.000	18380	19860	38240
-4.000	-1.000	-4.001	-1.000	20450	20220	40670
-4.000	0.000	-4.001	0.004	21610	22950	44560
-4.000	1.000	-3.998	0.998	22080	21910	43990
-4.000	2.000	-4.001	2.005	20920	21580	42500
-4.000	3.000	-4.004	3.002	22550	22360	44910
-4.000	4.000	-4.000	3.997	23370	22770	46140
-4.000	5.000	-4.002	4.997	22850	23020	45870
-4.000	6.000	-3.999	6.001	22190	22540	44730
-4.000	7.000	-3.998	6.996	22360	22080	44440
-4.000	8.000	-3.999	7.997	21680	23060	44740
-4.000	9.000	-4.000	8.994	23330	22530	45860
-4.000	10.000	-3.999	10.000	22240	22780	45020
-4.000	11.000	-4.000	11.003	22560	22390	44950
-4.000	12.000	-3.996	12.006	22490	22050	44540
-4.000	13.000	-4.002	12.999	21820	22170	43990
-4.000	14.000	-3.998	14.000	22730	23120	45850
-4.000	15.000	-4.000	15.003	22150	22140	44290
-4.000	16.000	-3.997	15.999	22410	21820	44230
-4.000	17.000	-4.004	17.005	22320	21560	43880
-4.000	18.000	-4.002	18.005	22780	23200	45980
-4.000	19.000	-4.003	19.004	23600	22720	46320
-4.000	20.000	-4.001	19.984	24810	23490	48300
-3.000	-20.000	-2.998	-19.997	43560	43450	87010
-3.000	-19.000	-3.002	-19.001	33750	33790	67540
-3.000	-18.000	-2.996	-17.997	29130	28220	57350
-3.000	-17.000	-2.999	-17.002	30390	31750	62140
-3.000	-16.000	-3.006	-16.000	37560	40490	78050
-3.000	-15.000	-3.006	-15.010	41040	42130	83170
-3.000	-14.000	-3.002	-14.002	44210	45490	89700
-3.000	-13.000	-3.000	-12.999	46940	48030	94970
-3.000	-12.000	-3.006	-12.000	46700	48580	95280
-3.000	-11.000	-3.000	-10.996	42990	46390	89380
-3.000	-10.000	-2.995	-9.997	37520	41190	78710
-3.000	-9.000	-2.997	-8.995	35650	39360	75010
-3.000	-8.000	-3.002	-8.004	29830	31500	61330
-3.000	-7.000	-3.000	-7.002	21440	21600	43040
-3.000	-6.000	-3.000	-6.006	21410	20940	42350
-3.000	-5.000	-3.000	-4.997	22070	22620	44690
-3.000	-4.000	-2.998	-3.996	21620	22970	44590
-3.000	-3.000	-2.999	-3.004	19780	19300	39080
-3.000	-2.000	-3.000	-1.997	18030	19260	37290
-3.000	-1.000	-2.999	-1.000	19140	19300	38440
-3.000	0.000	-2.999	0.000	19070	18820	37890
-3.000	1.000	-2.999	0.996	19310	19610	38920
-3.000	2.000	-3.000	2.003	19720	20000	39720
-3.000	3.000	-3.002	3.002	22060	21890	43950
-3.000	4.000	-3.000	3.992	22390	22070	44460
-3.000	5.000	-2.999	5.003	22070	21420	43490
-3.000	6.000	-3.003	5.997	22170	22780	44950
-3.000	7.000	-2.998	6.996	21660	22790	44450
-3.000	8.000	-2.997	8.003	22270	21900	44170
-3.000	9.000	-3.000	9.007	22620	22490	45110
-3.000	10.000	-3.002	10.000	21600	22280	43880
-3.000	11.000	-3.000	11.000	22010	21050	43060
-3.000	12.000	-2.995	12.000	21450	21920	43370
-3.000	13.000	-2.998	12.980	21600	21370	42970
-3.000	14.000	-3.003	13.996	22520	21680	44200
-3.000	15.000	-3.003	15.002	22240	21900	44140
-3.000	16.000	-3.000	16.000	21030	21530	42560
-3.000	17.000	-3.000	16.999	20790	21560	42350
-3.000	18.000	-2.998	17.993	21990	22240	44230
-3.000	19.000	-3.003	19.011	22690	22660	45350
-3.000	20.000	-2.997	20.005	24210	22560	46770
-2.000	-20.000	-2.001	-20.003	36180	35560	71740
-2.000	-19.000	-2.000	-19.001	29600	30170	59770
-2.000	-18.000	-2.000	-17.998	26220	27370	53590
-2.000	-17.000	-1.997	-17.003	28120	28120	56240
-2.000	-16.000	-2.000	-15.992	42120	41500	83620
-2.000	-15.000	-1.996	-15.001	42950	43990	86940
-2.000	-14.000	-2.004	-14.007	42150	45090	87240
-2.000	-13.000	-2.002	-12.995	42660	44530	87190
-2.000	-12.000	-1.999	-11.998	44560	47290	91850
-2.000	-11.000	-2.003	-10.995	41010	44300	85310
-2.000	-10.000	-2.002	-9.997	39430	41550	80980
-2.000	-9.000	-1.998	-8.999	33250	34820	68070
-2.000	-8.000	-2.004	-8.001	27960	30320	58280
-2.000	-7.000	-2.001	-7.000	22680	23570	46250
-2.000	-6.000	-2.003	-6.003	22300	22100	44400
-2.000	-5.000	-1.997	-5.000	22210	23340	45550
-2.000	-4.000	-1.999	-3.995	20280	21510	41790
-2.000	-3.000	-1.998	-3.003	19570	19890	39460
-2.000	-2.000	-2.000	-1.997	17690	17840	35530
-2.000	-1.000	-1.996	-1.000	17970	16950	34920
-2.000	0.000	-1.998	0.005	17570	17370	34940
-2.000	1.000	-1.998	0.999	17420	17070	34490
-2.000	2.000	-2.001	2.004	17170	17770	34940
-2.000	3.000	-2.000	2.998	19440	19770	39210
-2.000	4.000	-1.998	4.008	19740	20110	39850
-2.000	5.000	-1.997	5.004	21920	22330	44250
-2.000	6.000	-1.996	6.003	21560	21250	42810
-2.000	7.000	-1.999	7.000	20920	21930	42850
-2.000	8.000	-1.997	8.000	20590	21560	42150
-2.000	9.000	-1.998	9.002	21760	22070	43830
-2.000	10.000	-1.998	10.001	22230	22170	44400
-2.000	11.000	-2.002	11.000	21710	21860	43570
-2.000	12.000	-1.997	12.000	22890	21240	44130
-2.000	13.000	-1.999	12.997	21460	22100	43560
-2.000	14.000	-2.003	14.003	22180	22170	44350
-2.000	15.000	-1.997	14.996	21680	21530	43210
-2.000	16.000	-2.005	16.001	21800	20930	42730
-2.000	17.000	-2.005	16.994	21620	21130	42750
-2.000	18.000	-1.999	18.000	21260	22180	43440
-2.000	19.000	-2.001	19.000	23030	22150	45180
-2.000	20.000	-1.997	19.998	24150	23540	47690
-1.000	-20.000	-1.000	-19.998	37900	40780	78680
-1.000	-19.000	-0.998	-19.000	32230	32970	65200
-1.000	-18.000	-1.002	-18.006	29160	29180	58340
-1.000	-17.000	-0.998	-17.003	32750	34300	67050
-1.000	-16.000	-1.002	-16.000	39290	40550	79840
-1.000	-15.000	-1.000	-14.998	41910	42740	84650
-1.000	-14.000	-0.998	-14.003	39390	38780	78170
-1.000	-13.000	-1.001	-13.012	43220	43730	86950
-1.000	-12.000	-0.999	-12.002	48710	50690	99400
-1.000	-11.000	-0.999	-11.012	46260	47880	94140
-1.000	-10.000	-0.998	-10.003	36780	38280	75060
-1.000	-9.000	-0.994	-9.004	32350	34110	66460
-1.000	-8.000	-0.999	-7.995	25600	27530	53130
-1.000	-7.000	-0.997	-7.004	22180	23170	45350
-1.000	-6.000	-0.996	-5.997	20610	22650	43260
-1.000	-5.000	-1.000	-4.999	19770	21210	40980
-1.000	-4.000	-0.996	-4.002	19830	20490	40320
-1.000	-3.000	-1.001	-2.992	17310	18910	36220
-1.000	-2.000	-0.997	-2.001	16720	16130	32850
-1.000	-1.000	-1.002	-0.998	17120	16640	33760
-1.000	0.000	-1.002	-0.006	16130	16060	32190
-1.000	1.000	-1.001	0.992	15550	17120	32670
-1.000	2.000	-1.004	1.999	16430	16060	32490
-1.000	3.000	-1.001	2.999	18720	18530	37250
-1.000	4.000	-1.002	4.003	19670	20300	39970
-1.000	5.000	-1.006	4.997	21320	22630	43950
-1.000	6.000	-1.003	5.998	23410	22910	46320
-1.000	7.000	-0.999	6.996	23460	22370	45830
-1.000	8.000	-1.000	8.002	22090	20600	42690
-1.000	9.000	-1.002	9.000	21850	22010	43860
-1.000	10.000	-0.996	10.010	21320	21020	42340
-1.000	11.000	-1.002	11.000	21560	21090	42650
-1.000	12.000	-0.996	12.001	21810	21000	42810
-1.000	13.000	-1.000	13.000	21630	21110	42740
-1.000	14.000	-1.002	14.001	21940	20740	42680
-1.000	15.000	-1.002	15.005	21830	20540	42370
-1.000	16.000	-1.002	16.000	20940	21010	41950
-1.000	17.000	-1.000	16.997	21030	20070	41100
-1.000	18.000	-1.004	17.998	22250	21670	43920
-1.000	19.000	-0.994	19.000	22630	22240	44870
-1.000	20.000	-1.003	20.003	23440	22070	45510
0.000	-20.000	0.002	-19.991	39680	39420	79100
0.000	-19.000	0.002	-19.000	36680	37420	74100
0.000	-18.000	-0.000	-17.999	33750	33640	67390
0.000	-17.000	0.004	-17.000	35080	35600	70680
0.000	-16.000	0.004	-15.999	41930	44280	86210
0.000	-15.000	0.003	-15.004	42940	43840	86780
0.000	-14.000	0.000	-14.002	40210	39940	80150
0.000	-13.000	0.001	-12.994	44390	44160	88550
0.000	-12.000	-0.002	-12.006	58550	62540	121090
0.000	-11.000	-0.001	-11.006	49730	52590	102320
0.000	-10.000	0.001	-10.001	34850	36400	71250
0.000	-9.000	0.003	-8.997	31980	33660	65640
0.000	-8.000	-0.004	-7.998	25810	26300	52110
0.000	-7.000	0.002	-6.993	20750	20230	40980
0.000	-6.000	-0.003	-5.992	18260	18470	36730
0.000	-5.000	-0.001	-4.997	18030	18400	36430
0.000	-4.000	-0.002	-3.999	16560	17010	33570
0.000	-3.000	0.003	-3.000	16380	15360	31740
0.000	-2.000	0.001	-2.003	15500	14900	30400
0.000	-1.000	0.001	-1.001	15790	15240	31030
0.000	0.000	0.001	-0.002	16350	15490	31840
0.000	1.000	-0.002	0.997	16500	16580	33080
0.000	2.000	-0.001	2.000	16290	16160	32450
0.000	3.000	-0.003	3.001	17420	17750	35170
0.000	4.000	-0.000	3.999	20310	19680	39990
0.000	5.000	-0.000	4.995	21320	21520	42840
0.000	6.000	-0.002	5.996	22220	22420	44640
0.000	7.000	-0.001	7.000	22350	23090	45440
0.000	8.000	0.000	8.008	21980	21310	43290
0.000	9.000	-0.002	8.998	20180	21630	41810
0.000	10.000	0.004	10.001	21990	20510	42500
0.000	11.000	0.003	11.007	21220	21930	43150
0.000	12.000	-0.003	12.002	22260	20870	43130
0.000	13.000	0.000	13.003	22060	21810	43870
0.000	14.000	-0.002	13.998	21670	20380	42050
0.000	15.000	0.001	15.007	20460	21040	41500
0.000	16.000	-0.001	15.991	21280	20520	41800
0.000	17.000	0.001	16.998	20750	20940	41690
0.000	18.000	0.001	18.004	21030	21540	42570
0.000	19.000	-0.002	19.000	24110	24470	48580
0.000	20.000	0.006	20.000	24560	23710	48270
1.000	-20.000	0.999	-20.004	44070	45510	89580
1.000	-19.000	0.999	-19.001	38980	41140	80120
1.000	-18.000	1.000	-18.006	36670	36570	73240
1.000	-17.000	0.999	-17.007	36280	37700	73980
1.000	-16.000	1.000	-16.002	42020	43900	85920
1.000	-15.000	1.003	-15.005	43120	45270	88390
1.000	-14.000	1.000	-13.999	41210	41770	82980
1.000	-13.000	1.002	-12.997	63090	66480	129570
1.000	-12.000	1.002	-11.998	69730	73210	142940
1.000	-11.000	0.999	-10.999	46980	50430	97410
1.000	-10.000	1.003	-9.998	39870	43000	82870
1.000	-9.000	1.004	-9.000	33860	35270	69130
1.000	-8.000	1.002	-8.002	24880	26000	50880
1.000	-7.000	1.002	-6.996	20560	20900	41460
1.000	-6.000	1.004	-5.992	18280	18270	36550
1.000	-5.000	1.001	-5.001	17520	17430	34950
1.000	-4.000	0.997	-4.006	15830	16080	31910
1.000	-3.000	0.998	-2.997	14870	15150	30020
1.000	-2.000	1.001	-2.001	15110	15150	30260
1.000	-1.000	0.998	-0.997	15720	16260	31980
1.000	0.000	1.000	0.000	16850	17640	34490
1.000	1.000	0.996	1.001	17580	17620	35200
1.000	2.000	1.001	2.000	16940	17710	34650
1.000	3.000	1.006	3.001	19850	19280	39130
1.000	4.000	1.000	4.003	19830	20600	40430
1.000	5.000	1.001	4.999	22250	22150	44400
1.000	6.000	1.002	5.999	22660	23090	45750
1.000	7.000	1.003	7.000	22880	22560	45440
1.000	8.000	1.000	8.002	23350	22290	45640
1.000	9.000	1.000	9.000	23080	21530	44610
1.000	10.000	1.004	9.998	22390	21640	44030
1.000	11.000	1.002	11.005	22030	22150	44180
1.000	12.000	1.000	12.002	22360	22010	44370
1.000	13.000	0.999	13.003	22260	22050	44310
1.000	14.000	1.000	13.999	22520	21120	43640
1.000	15.000	1.002	15.005	22140	22670	44810
1.000	16.000	1.001	16.003	23060	21280	44340
1.000	17.000	0.999	17.003	21260	21860	43120
1.000	18.000	1.001	18.001	22310	22780	45090
1.000	19.000	0.999	19.000	25070	24080	49150
1.000	20.000	0.999	20.001	24280	24570	48850
2.000	-20.000	1.999	-19.996	40560	41320	81880
2.000	-19.000	1.995	-19.003	37180	38470	75650
2.000	-18.000	2.004	-17.998	36430	36750	73180
2.000	-17.000	2.002	-17.001	34740	36980	71720
2.000	-16.000	2.003	-16.002	38560	40280	78840
2.000	-15.000	1.998	-15.007	40980	42420	83400
2.000	-14.000	2.000	-13.998	40650	40690	81340
2.000	-13.000	2.006	-12.998	47860	49770	97630
2.000	-12.000	2.001	-12.000	60230	65280	125510
2.000	-11.000	2.000	-11.004	44850	47550	92400
2.000	-10.000	1.996	-10.006	38130	40120	78250
2.000	-9.000	2.004	-9.002	34960	37380	72340
2.000	-8.000	2.000	-8.001	28280	28860	57140
2.000	-7.000	2.001	-6.999	21210	22040	43250
2.000	-6.000	2.002	-6.010	17400	18080	35480
2.000	-5.000	2.001	-4.999	16500	15850	32350
2.000	-4.000	1.997	-3.995	15440	15830	31270
2.000	-3.000	2.002	-2.999	15440	14490	29930
2.000	-2.000	2.000	-1.993	14830	14820	29650
2.000	-1.000	1.996	-1.004	16780	16840	33620
2.000	0.000	2.002	0.004	20640	20160	40800
2.000	1.000	2.001	1.011	21870	21730	43600
2.000	2.000	2.004	2.005	21600	22040	43640
2.000	3.000	1.998	3.003	22470	22360	44830
2.000	4.000	1.999	4.002	23110	23130	46240
2.000	5.000	2.001	5.002	22520	22910	45430
2.000	6.000	1.999	5.997	22860	23970	46830
2.000	7.000	2.002	7.003	23110	23330	46440
2.000	8.000	2.001	8.004	22310	23350	45660
2.000	9.000	2.000	9.003	22760	22970	45730
2.000	10.000	1.995	10.001	22750	23310	46060
2.000	11.000	1.999	11.003	22670	21830	44500
2.000	12.000	2.001	12.005	22880	21930	44810
2.000	13.000	1.996	13.008	22220	23050	45270
2.000	14.000	2.003	13.997	23350	23000	46350
2.000	15.000	1.997	15.007	22590	21820	44410
2.000	16.000	2.004	15.994	23010	22940	45950
2.000	17.000	2.002	17.002	22410	23760	46170
2.000	18.000	2.001	18.001	25700	24690	50390
2.000	19.000	1.998	19.004	24270	23900	48170
2.000	20.000	1.999	19.999	24800	22910	47710
3.000	-20.000	3.001	-19.996	39090	39730	78820
3.000	-19.000	3.003	-18.999	36260	36030	72290
3.000	-18.000	2.999	-18.005	35410	36300	71710
3.000	-17.000	2.999	-16.996	35610	36440	72050
3.000	-16.000	3.003	-16.000	38070	38610	76680
3.000	-15.000	2.998	-15.004	41600	39910	81510
3.000	-14.000	3.000	-13.999	39640	39790	79430
3.000	-13.000	2.996	-13.001	45860	45650	91510
3.000	-12.000	3.001	-12.004	50060	52040	102100
3.000	-11.000	3.002	-11.001	44330	46560	90890
3.000	-10.000	3.003	-9.994	37810	40010	77820
3.000	-9.000	2.998	-8.998	33440	36250	69690
3.000	-8.000	3.001	-7.996	29780	30760	60540
3.000	-7.000	3.001	-6.999	21570	21640	43210
3.000	-6.000	3.000	-6.000	17820	18320	36140
3.000	-5.000	3.001	-4.999	17260	16630	33890
3.000	-4.000	3.000	-4.003	15910	15820	31730
3.000	-3.000	3.001	-2.999	15750	14790	30540
3.000	-2.000	2.999	-2.005	14870	14990	29860
3.000	-1.000	2.998	-1.007	17320	17990	35310
3.000	0.000	3.004	0.000	26580	27410	53990
3.000	1.000	3.003	1.001	34390	36700	71090
3.000	2.000	3.000	1.997	28760	29660	58420
3.000	3.000	2.998	2.995	26450	26710	53160
3.000	4.000	3.001	3.998	24210	24490	48700
3.000	5.000	3.002	5.001	23150	24610	47760
3.000	6.000	2.999	6.005	23650	23980	47630
3.000	7.000	3.001	7.001	24340	24190	48530
3.000	8.000	2.999	8.001	23660	23570	47230
3.000	9.000	3.000	9.000	24390	23470	47860
3.000	10.000	2.996	9.992	23230	21900	45130
3.000	11.000	2.997	11.009	21910	22500	44410
3.000	12.000	2.996	12.002	23420	23320	46740
3.000	13.000	2.996	12.993	23060	23210	46270
3.000	14.000	3.006	13.995	23840	23590	47430
3.000	15.000	3.000	15.005	22930	22990	45920
3.000	16.000	3.005	15.999	23790	23340	47130
3.000	17.000	3.001	16.996	24290	23690	47980
3.000	18.000	3.003	18.004	24160	23680	47840
3.000	19.000	2.998	19.002	24880	23880	48760
3.000	20.000	3.003	20.001	23290	23410	46700
4.000	-20.000	4.001	-20.003	37550	38110	75660
4.000	-19.000	3.998	-18.999	33450	33570	67020
4.000	-18.000	3.998	-18.000	32600	33740	66340
4.000	-17.000	4.000	-17.003	32540	33720	66260
4.000	-16.000	4.001	-16.000	36920	39210	76130
4.000	-15.000	4.001	-15.005	39210	40120	79330
4.000	-14.000	4.002	-14.005	37180	37160	74340
4.000	-13.000	3.999	-13.003	38750	37250	76000
4.000	-12.000	3.999	-11.998	43840	45050	88890
4.000	-11.000	4.004	-10.999	43230	43870	87100
4.000	-10.000	4.005	-10.000	35890	36470	72360
4.000	-9.000	3.998	-9.001	33370	34350	67720
4.000	-8.000	4.000	-7.995	28990	29110	58100
4.000	-7.000	4.003	-7.000	20970	21610	42580
4.000	-6.000	3.998	-6.000	17610	18050	35660
4.000	-5.000	4.001	-5.005	16430	16480	32910
4.000	-4.000	3.999	-4.000	15100	15160	30260
4.000	-3.000	4.000	-3.004	15690	15650	31340
4.000	-2.000	3.997	-2.005	15970	16150	32120
4.000	-1.000	3.998	-1.005	18770	19420	38190
4.000	0.000	3.999	0.004	36470	36710	73180
4.000	1.000	3.998	0.999	45920	50700	96620
4.000	2.000	4.003	1.999	40970	43200	84170
4.000	3.000	4.002	3.002	30930	32460	63390
4.000	4.000	3.999	3.996	26630	26860	53490
4.000	5.000	3.999	5.008	23480	25470	48950
4.000	6.000	4.003	6.000	23820	24390	48210
4.000	7.000	3.998	6.998	23900	23910	47810
4.000	8.000	3.998	8.001	23440	23020	46460
4.000	9.000	3.999	9.006	23540	24090	47630
4.000	10.000	4.002	9.995	22820	21860	44680
4.000	11.000	4.002	10.999	23300	22270	45570
4.000	12.000	4.003	12.003	23380	23400	46780
4.000	13.000	4.001	13.002	22780	22140	44920
4.000	14.000	4.002	13.994	22410	21860	44270
4.000	15.000	4.000	15.002	22600	23120	45720
4.000	16.000	3.998	16.000	22640	23320	45960
4.000	17.000	4.004	16.999	23420	23810	47230
4.000	18.000	4.003	17.996	25110	24690	49800
4.000	19.000	3.999	18.998	24540	23260	47800
4.000	20.000	3.999	20.005	25080	22780	47860
5.000	-20.000	4.999	-20.001	38600	39090	77690
5.000	-19.000	5.002	-18.992	31850	33420	65270
5.000	-18.000	5.002	-18.002	29300	29420	58720
5.000	-17.000	5.002	-16.992	29440	30030	59470
5.000	-16.000	5.001	-16.000	35600	37280	72880
5.000	-15.000	4.997	-14.996	38360	38510	76870
5.000	-14.000	4.996	-14.008	36610	35760	72370
5.000	-13.000	4.997	-13.001	37740	37300	75040
5.000	-12.000	5.001	-11.995	39980	39940	79920
5.000	-11.000	4.995	-11.001	34440	36220	70660
5.000	-10.000	5.002	-10.002	33780	34060	67840
5.000	-9.000	4.995	-9.002	31700	33900	65600
5.000	-8.000	4.996	-7.998	29500	28920	58420
5.000	-7.000	4.999	-7.004	19570	21340	40910
5.000	-6.000	5.004	-5.990	17300	17490	34790
5.000	-5.000	4.994	-4.997	15940	16300	32240
5.000	-4.000	4.997	-4.002	15020	14940	29960
5.000	-3.000	4.998	-2.994	15190	15280	30470
5.000	-2.000	5.000	-1.996	15400	15910	31310
5.000	-1.000	5.002	-0.999	22230	23440	45670
5.000	0.000	5.000	-0.001	45080	48350	93430
5.000	1.000	5.004	0.998	54770	59130	113900
5.000	2.000	5.001	1.998	47370	50100	97470
5.000	3.000	4.997	3.004	34590	35770	70360
5.000	4.000	5.000	3.996	28370	28720	57090
5.000	5.000	4.997	4.996	24740	26010	50750
5.000	6.000	5.000	5.997	23090	23580	46670
5.000	7.000	4.998	6.999	24120	23870	47990
5.000	8.000	5.001	8.001	24160	23830	47990
5.000	9.000	5.002	8.999	22930	22780	45710
5.000	10.000	4.996	10.003	23640	21790	45430
5.000	11.000	4.998	10.994	23380	23860	47240
5.000	12.000	4.999	12.004	22610	21940	44550
5.000	13.000	4.997	12.996	23230	21940	45170
5.000	14.000	4.998	13.996	22080	22290	44370
5.000	15.000	5.001	14.995	21980	22680	44660
5.000	16.000	4.999	15.997	22480	23240	45720
5.000	17.000	4.997	17.004	25330	23470	48800
5.000	18.000	4.999	18.004	24180	24860	49040
5.000	19.000	5.007	18.999	24820	22500	47320
5.000	20.000	5.001	20.001	24610	23810	48420
6.000	-20.000	5.997	-20.002	37650	38360	76010
6.000	-19.000	6.004	-19.002	29700	30810	60510
6.000	-18.000	6.000	-18.006	28010	27760	55770
6.000	-17.000	5.999	-16.997	28730	28620	57350
6.000	-16.000	5.998	-15.998	31890	31480	63370
6.000	-15.000	6.000	-15.000	36830	36930	73760
6.000	-14.000	5.998	-13.996	35110	34760	69870
6.000	-13.000	6.002	-13.000	35590	36160	71750
6.000	-12.000	6.002	-12.001	38170	37430	75600
6.000	-11.000	6.004	-11.006	33760	34450	68210
6.000	-10.000	5.998	-10.003	34830	35130	69960
6.000	-9.000	6.000	-8.998	33780	34190	67970
6.000	-8.000	6.001	-8.001	29880	31360	61240
6.000	-7.000	6.002	-7.002	19660	19830	39490
6.000	-6.000	5.996	-6.001	17180	16760	33940
6.000	-5.000	5.998	-5.005	15290	15620	30910
6.000	-4.000	6.002	-3.996	14770	15740	30510
6.000	-3.000	6.003	-2.992	15120	14930	30050
6.000	-2.000	6.005	-1.998	15530	16330	31860
6.000	-1.000	5.999	-0.999	21430	21920	43350
6.000	0.000	5.998	-0.005	44160	46810	90970
6.000	1.000	6.005	1.000	60200	64070	124270
6.000	2.000	5.998	1.998	44700	48720	93420
6.000	3.000	5.995	3.006	34800	36890	71690
6.000	4.000	5.997	4.005	27280	27260	54540
6.000	5.000	5.999	4.999	23970	24430	48400
6.000	6.000	5.999	6.002	25210	23630	48840
6.000	7.000	5.998	6.995	23430	23480	46910
6.000	8.000	6.000	8.001	22760	23020	45780
6.000	9.000	6.004	9.002	23280	21940	45220
6.000	10.000	6.000	9.998	23070	23350	46420
6.000	11.000	5.999	10.998	23760	23560	47320
6.000	12.000	5.996	12.004	22120	21930	44050
6.000	13.000	6.000	12.999	22470	22280	44750
6.000	14.000	5.999	13.995	22070	23710	45780
6.000	15.000	6.000	14.996	23670	23230	46900
6.000	16.000	6.000	15.996	24750	22760	47510
6.000	17.000	5.998	17.000	23710	23620	47330
6.000	18.000	6.001	17.997	24210	24250	48460
6.000	19.000	5.998	19.000	25570	23460	49030
6.000	20.000	6.007	20.002	23700	23280	46980
7.000	-20.000	7.001	-20.001	36200	37380	73580
7.000	-19.000	7.000	-19.003	30010	30720	60730
7.000	-18.000	6.999	-18.000	26670	26600	53270
7.000	-17.000	6.995	-16.997	26230	27490	53720
7.000	-16.000	7.004	-16.003	34820	35460	70280
7.000	-15.000	7.000	-14.996	36870	37290	74160
7.000	-14.000	6.998	-14.004	36310	35220	71530
7.000	-13.000	7.006	-12.999	34640	35330	69970
7.000	-12.000	6.998	-11.993	39780	39470	79250
7.000	-11.000	6.999	-11.000	37940	39020	76960
7.000	-10.000	7.000	-10.003	36590	36100	72690
7.000	-9.000	7.004	-9.008	35050	35710	70760
7.000	-8.000	7.000	-8.003	32260	34440	66700
7.000	-7.000	7.000	-6.995	20050	20170	40220
7.000	-6.000	7.001	-6.005	16700	16070	32770
7.000	-5.000	6.995	-4.998	15380	15480	30860
7.000	-4.000	6.996	-3.996	15030	15440	30470
7.000	-3.000	7.001	-3.000	15730	15550	31280
7.000	-2.000	6.999	-2.001	16930	15800	32730
7.000	-1.000	7.001	-0.999	22960	23840	46800
7.000	0.000	6.997	-0.004	36160	37170	73330
7.000	1.000	6.998	1.005	49460	54610	104070
7.000	2.000	7.000	2.007	40220	43700	83920
7.000	3.000	6.998	3.002	31420	32740	64160
7.000	4.000	6.999	3.998	27760	27430	55190
7.000	5.000	7.002	5.000	25530	25960	51490
7.000	6.000	7.000	6.003	24860	24100	48960
7.000	7.000	7.001	7.006	23080	23190	46270
7.000	8.000	7.003	7.997	23520	25040	48560
7.000	9.000	7.001	9.008	24350	23150	47500
7.000	10.000	7.002	10.002	23380	21760	45140
7.000	11.000	7.005	11.003	23890	23400	47290
7.000	12.000	6.996	12.001	23200	22060	45260
7.000	13.000	6.997	12.996	24140	23370	47510
7.000	14.000	6.999	14.000	22770	23100	45870
7.000	15.000	7.000	14.997	24210	22320	46530
7.000	16.000	6.999	16.005	23340	23950	47290
7.000	17.000	6.999	16.993	23940	24410	48350
7.000	18.000	7.005	17.997	24050	24080	48130
7.000	19.000	7.002	18.995	24300	23950	48250
7.000	20.000	7.001	20.001	24410	23240	47650
8.000	-20.000	7.997	-20.005	33560	34120	67680
8.000	-19.000	8.003	-18.995	32110	32420	64530
8.000	-18.000	8.003	-18.004	29830	30300	60130
8.000	-17.000	7.996	-16.997	30400	30480	60880
8.000	-16.000	8.003	-16.003	34800	36550	71350
8.000	-15.000	8.002	-15.004	37450	37650	75100
8.000	-14.000	7.998	-14.006	36540	35310	71850
8.000	-13.000	7.998	-13.000	35850	34600	70450
8.000	-12.000	8.000	-11.995	40680	39800	80480
8.000	-11.000	8.003	-11.000	39880	41160	81040
8.000	-10.000	8.004	-9.999	38150	38460	76610
8.000	-9.000	8.001	-8.998	38030	39560	77590
8.000	-8.000	7.995	-7.998	32120	35860	67980
8.000	-7.000	8.000	-7.007	26570	27140	53710
8.000	-6.000	8.002	-6.032	19630	19760	39390
8.000	-5.000	8.005	-5.002	15840	15810	31650
8.000	-4.000	7.995	-3.991	15860	15520	31380
8.000	-3.000	7.995	-2.997	14340	15480	29820
8.000	-2.000	7.999	-1.998	15880	15300	31180
8.000	-1.000	7.999	-0.995	20620	20360	40980
8.000	0.000	8.006	0.002	33670	35270	68940
8.000	1.000	8.000	0.994	38050	38970	77020
8.000	2.000	8.000	1.998	32660	34630	67290
8.000	3.000	8.001	3.006	27680	28330	56010
8.000	4.000	8.000	4.001	27000	27550	54550
8.000	5.000	8.000	5.006	24760	26680	51440
8.000	6.000	7.996	6.016	24310	24520	48830
8.000	7.000	8.006	7.008	23850	24470	48320
8.000	8.000	8.003	8.001	24450	23980	48430
8.000	9.000	7.998	9.002	23520	22480	46000
8.000	10.000	7.997	9.996	23320	22680	46000
8.000	11.000	8.002	11.003	22690	23040	45730
8.000	12.000	8.000	12.002	23510	24100	47610
8.000	13.000	8.003	13.000	23080	24340	47420
8.000	14.000	8.003	14.002	23160	23450	46610
8.000	15.000	8.001	15.000	24090	24110	48200
8.000	16.000	7.999	15.999	23910	24720	48630
8.000	17.000	7.997	17.000	24200	24020	48220
8.000	18.000	8.000	18.001	24330	25470	49800
8.000	19.000	7.998	19.002	24410	24570	48980
8.000	20.000	8.005	20.002	25580	24030	49610
9.000	-20.000	9.002	-20.002	43180	42510	85690
9.000	-19.000	9.002	-19.003	34900	36820	71720
9.000	-18.000	9.003	-18.000	35800	36500	72300
9.000	-17.000	8.995	-17.005	32250	33680	65930
9.000	-16.000	8.997	-16.001	37370	38540	75910
9.000	-15.000	9.001	-15.001	37560	38160	75720
9.000	-14.000	8.996	-14.001	36620	34920	71540
9.000	-13.000	8.996	-12.999	35600	35370	70970
9.000	-12.000	8.996	-11.998	39640	39920	79560
9.000	-11.000	8.999	-11.004	39480	40630	80110
9.000	-10.000	8.995	-9.995	37680	38500	76180
9.000	-9.000	8.998	-9.002	34550	36010	70560
9.000	-8.000	8.999	-8.002	26840	27590	54430
9.000	-7.000	8.997	-7.003	19260	19060	38320
9.000	-6.000	8.999	-5.993	18010	17620	35630
9.000	-5.000	8.996	-4.996	15990	15360	31350
9.000	-4.000	8.997	-3.998	15780	15640	31420
9.000	-3.000	9.003	-3.000	15120	15610	30730
9.000	-2.000	9.006	-2.000	15470	16200	31670
9.000	-1.000	8.999	-1.001	17940	17960	35900
9.000	0.000	9.003	0.002	24270	25060	49330
9.000	1.000	9.000	0.991	30260	31100	61360
9.000	2.000	9.000	2.001	28750	28160	56910
9.000	3.000	9.001	3.000	25450	27430	52880
9.000	4.000	9.002	4.004	25490	24940	50430
9.000	5.000	9.001	4.994	24640	25010	49650
9.000	6.000	8.999	6.006	23820	23220	47040
9.000	7.000	8.998	6.998	24370	24170	48540
9.000	8.000	8.997	7.999	24170	23460	47630
9.000	9.000	9.002	9.000	22660	22550	45210
9.000	10.000	9.000	9.998	22890	22690	45580
9.000	11.000	9.001	10.998	22440	21970	44410
9.000	12.000	8.999	12.009	22200	22270	44470
9.000	13.000	9.000	13.001	24160	22680	46840
9.000	14.000	8.997	14.003	24260	22730	46990
9.000	15.000	9.002	15.000	23910	24050	47960
9.000	16.000	9.001	16.002	24670	24080	48750
9.000	17.000	9.004	16.998	25510	25150	50660
9.000	18.000	9.002	18.004	26230	25650	51880
9.000	19.000	8.998	18.995	24130	25040	49170
9.000	20.000	8.996	20.001	24360	24210	48570
10.000	-20.000	10.001	-20.006	46980	49000	95980
10.000	-19.000	10.002	-18.998	39350	40170	79520
10.000	-18.000	9.997	-17.993	37330	39380	76710
10.000	-17.000	9.998	-17.000	35900	35980	71880
10.000	-16.000	10.004	-16.002	39150	40290	79440
10.000	-15.000	9.997	-15.005	38560	38380	76940
10.000	-14.000	9.997	-13.997	35590	34820	70410
10.000	-13.000	9.998	-13.006	36710	35370	72080
10.000	-12.000	10.001	-12.006	40500	38100	78600
10.000	-11.000	9.999	-11.001	37800	37960	75760
10.000	-10.000	10.006	-10.000	35560	36790	72350
10.000	-9.000	10.000	-8.999	32280	33120	65400
10.000	-8.000	9.999	-8.001	25360	26690	52050
10.000	-7.000	10.000	-7.000	18190	17970	36160
10.000	-6.000	10.000	-5.998	17050	16920	33970
10.000	-5.000	10.002	-4.997	15590	15590	31180
10.000	-4.000	10.000	-3.998	14870	14920	29790
10.000	-3.000	9.999	-3.013	15910	15140	31050
10.000	-2.000	10.001	-1.999	15560	15420	30980
10.000	-1.000	10.001	-0.996	17570	16640	34210
10.000	0.000	10.001	-0.003	20810	21050	41860
10.000	1.000	9.998	0.997	25320	25760	51080
10.000	2.000	9.999	2.004	26010	26680	52690
10.000	3.000	9.994	3.002	24770	25050	49820
10.000	4.000	10.002	3.992	23780	23790	47570
10.000	5.000	9.999	4.998	25350	24890	50240
10.000	6.000	9.996	5.999	24610	24910	49520
10.000	7.000	9.999	7.005	24640	24020	48660
10.000	8.000	9.996	8.005	25000	24170	49170
10.000	9.000	10.001	8.994	22970	23170	46140
10.000	10.000	9.997	10.002	22540	22810	45350
10.000	11.000	10.000	10.998	23250	22780	46030
10.000	12.000	10.002	11.995	22940	22260	45200
10.000	13.000	9.999	13.001	24290	23910	48200
10.000	14.000	10.001	14.000	23850	24720	48570
10.000	15.000	9.997	14.992	23970	23960	47930
10.000	16.000	9.998	16.001	24940	25340	50280
10.000	17.000	9.998	17.002	25540	25170	50710
10.000	18.000	10.001	18.002	26520	25240	51760
10.000	19.000	10.003	18.998	25740	25380	51120
10.000	20.000	9.999	19.996	24020	24260	48280
11.000	-20.000	10.999	-19.998	47650	50650	98300
11.000	-19.000	10.998	-19.002	41700	43810	85510
11.000	-18.000	10.995	-18.004	38600	40090	78690
11.000	-17.000	11.002	-16.991	36180	38020	74200
11.000	-16.000	10.998	-16.011	37190	40130	77320
11.000	-15.000	10.996	-14.991	37690	37860	75550
11.000	-14.000	11.001	-13.988	37160	37010	74170
11.000	-13.000	11.000	-12.995	35300	36670	71970
11.000	-12.000	11.003	-11.995	39480	39210	78690
11.000	-11.000	10.997	-10.997	38590	39380	77970
11.000	-10.000	10.999	-10.004	35250	35870	71120
11.000	-9.000	11.000	-8.998	30370	31440	61810
11.000	-8.000	11.003	-7.989	23980	24760	48740
11.000	-7.000	10.997	-7.004	16670	16850	33520
11.000	-6.000	10.998	-5.994	15400	15430	30830
11.000	-5.000	10.999	-5.004	15100	15970	31070
11.000	-4.000	11.003	-4.006	15530	15810	31340
11.000	-3.000	10.999	-2.997	15440	15050	30490
11.000	-2.000	10.999	-2.000	15930	15280	31210
11.000	-1.000	10.996	-0.998	17040	16560	33600
11.000	0.000	10.998	0.000	21320	21680	43000
11.000	1.000	10.999	0.993	24510	23910	48420
11.000	2.000	11.004	2.001	24860	25740	50600
11.000	3.000	10.997	3.005	25640	25390	51030
11.000	4.000	11.003	4.007	24460	25190	49650
11.000	5.000	11.004	5.004	24240	25210	49450
11.000	6.000	10.999	6.007	23640	23110	46750
11.000	7.000	11.002	7.005	25240	24390	49630
11.000	8.000	10.999	7.996	24880	24230	49110
11.000	9.000	10.997	9.001	23540	22690	46230
11.000	10.000	10.998	9.996	23260	23120	46380
11.000	11.000	11.000	11.001	23360	22430	45790
11.000	12.000	10.996	11.997	23740	23520	47260
11.000	13.000	11.000	13.003	24220	23460	47680
11.000	14.000	10.999	13.993	23400	24020	47420
11.000	15.000	10.998	14.999	24930	24600	49530
11.000	16.000	10.998	16.001	23940	23360	47300
11.000	17.000	11.001	16.993	24420	23340	47760
11.000	18.000	11.003	17.992	26300	25760	52060
11.000	19.000	11.001	19.001	26160	25370	51530
11.000	20.000	10.998	19.999	25110	24950	50060
12.000	-20.000	12.003	-20.001	51600	53790	105390
12.000	-19.000	12.004	-19.000	44570	46450	91020
12.000	-18.000	11.999	-18.001	41410	40890	82300
12.000	-17.000	11.999	-17.002	37100	36880	73980
12.000	-16.000	12.004	-16.006	39790	42000	81790
12.000	-15.000	11.998	-15.008	38600	40440	79040
12.000	-14.000	11.999	-14.001	35870	35300	71170
12.000	-13.000	11.999	-12.998	35230	35040	70270
12.000	-12.000	12.003	-11.998	38900	38940	77840
12.000	-11.000	12.002	-10.995	37640	38940	76580
12.000	-10.000	11.998	-9.999	34000	35470	69470
12.000	-9.000	12.001	-9.007	29480	30790	60270
12.000	-8.000	12.001	-8.001	24000	23680	47680
12.000	-7.000	12.000	-7.005	16680	16750	33430
12.000	-6.000	11.999	-5.998	16490	14850	31340
12.000	-5.000	11.998	-4.996	15140	14570	29710
12.000	-4.000	11.999	-4.000	15890	14630	30520
12.000	-3.000	11.999	-2.999	15080	15100	30180
12.000	-2.000	11.997	-2.001	16060	15190	31250
12.000	-1.000	12.000	-0.999	17720	16750	34470
12.000	0.000	12.001	0.004	22240	21450	43690
12.000	1.000	11.998	0.995	24690	24750	49440
12.000	2.000	12.002	2.000	24600	24930	49530
12.000	3.000	12.000	2.998	23920	24050	47970
12.000	4.000	12.004	4.001	24230	24190	48420
12.000	5.000	12.001	5.000	23730	23250	46980
12.000	6.000	12.001	6.007	23240	22980	46220
12.000	7.000	12.006	7.003	23860	23560	47420
12.000	8.000	12.000	8.008	23200	22230	45430
12.000	9.000	12.001	8.991	24460	22370	46830
12.000	10.000	12.001	10.000	23290	22880	46170
12.000	11.000	12.004	10.999	22700	21590	44290
12.000	12.000	11.998	11.998	23830	23380	47210
12.000	13.000	12.004	13.007	23460	22810	46270
12.000	14.000	11.999	14.002	24650	24490	49140
12.000	15.000	12.002	15.002	24830	22830	47660
12.000	16.000	12.001	15.998	23990	23910	47900
12.000	17.000	11.999	17.001	23710	24660	48370
12.000	18.000	11.995	17.998	25660	25230	50890
12.000	19.000	11.997	19.002	25050	25250	50300
12.000	20.000	11.999	19.989	25670	23690	49360
13.000	-20.000	13.001	-20.003	50260	52010	102270
13.000	-19.000	13.001	-19.000	45430	45880	91310
13.000	-18.000	12.999	-18.002	41160	43660	84820
13.000	-17.000	13.005	-16.996	37800	39850	77650
13.000	-16.000	12.996	-16.000	37930	40680	78610
13.000	-15.000	13.001	-15.014	37880	38500	76380
13.000	-14.000	12.995	-14.002	35000	35940	70940
13.000	-13.000	13.000	-13.001	37160	35150	72310
13.000	-12.000	13.000	-12.000	39140	37740	76880
13.000	-11.000	12.994	-11.003	36990	38000	74990
13.000	-10.000	13.000	-10.007	34040	35690	69730
13.000	-9.000	12.999	-8.999	29630	29550	59180
13.000	-8.000	12.998	-7.997	22420	22290	44710
13.000	-7.000	13.000	-6.995	17600	16390	33990
13.000	-6.000	12.999	-5.996	15560	15100	30660
13.000	-5.000	13.001	-5.005	15610	14420	30030
13.000	-4.000	13.001	-4.001	15160	14850	30010
13.000	-3.000	12.997	-3.001	15990	15420	31410
13.000	-2.000	13.003	-2.004	16270	15940	32210
13.000	-1.000	12.999	-1.001	18440	17140	35580
13.000	0.000	12.999	0.003	21090	20450	41540
13.000	1.000	13.001	1.006	24770	24730	49500
13.000	2.000	13.005	2.001	25400	24870	50270
13.000	3.000	13.001	3.001	25050	23770	48820
13.000	4.000	13.002	3.993	24070	24000	48070
13.000	5.000	12.997	4.998	24260	23610	47870
13.000	6.000	13.001	5.995	23250	21930	45180
13.000	7.000	13.000	7.000	23570	22990	46560
13.000	8.000	13.002	7.998	23770	22360	46130
13.000	9.000	12.999	9.003	23500	22980	46480
13.000	10.000	13.004	10.003	22260	22530	44790
13.000	11.000	13.001	11.001	23080	22910	45990
13.000	12.000	13.003	12.001	23180	23450	46630
13.000	13.000	12.999	12.997	23360	23990	47350
13.000	14.000	12.996	14.002	22980	23240	46220
13.000	15.000	13.000	15.009	23820	23860	47680
13.000	16.000	13.001	16.005	24120	23090	47210
13.000	17.000	12.998	16.997	23910	23980	47890
13.000	18.000	12.999	18.000	24950	24100	49050
13.000	19.000	12.998	19.001	26620	24930	51550
13.000	20.000	13.001	20.003	24160	23480	47640
14.000	-20.000	14.002	-19.999	49830	51170	101000
14.000	-19.000	14.000	-19.001	46900	48220	95120
14.000	-18.000	14.004	-17.991	41700	42990	84690
14.000	-17.000	14.002	-16.997	38210	39390	77600
14.000	-16.000	13.994	-16.002	37830	41020	78850
14.000	-15.000	13.996	-14.995	37360	37790	75150
14.000	-14.000	14.001	-14.001	36540	35120	71660
14.000	-13.000	13.997	-13.005	36180	35940	72120
14.000	-12.000	14.000	-12.003	38670	38150	76820
14.000	-11.000	14.000	-10.986	36230	36990	73220
14.000	-10.000	14.002	-10.001	33520	35140	68660
14.000	-9.000	14.000	-9.002	28710	30820	59530
14.000	-8.000	13.998	-8.005	20240	19870	40110
14.000	-7.000	13.999	-7.006	17630	17500	35130
14.000	-6.000	14.000	-5.999	15140	15160	30300
14.000	-5.000	13.996	-5.009	15460	14660	30120
14.000	-4.000	13.998	-4.003	16310	16570	32880
14.000	-3.000	13.999	-2.995	15610	15160	30770
14.000	-2.000	13.997	-1.995	15000	15510	30510
14.000	-1.000	13.994	-1.003	16320	17090	33410
14.000	0.000	14.001	0.000	21330	21710	43040
14.000	1.000	14.001	0.998	22890	23440	46330
14.000	2.000	14.002	2.001	24610	23630	48240
14.000	3.000	14.003	3.002	23810	22870	46680
14.000	4.000	14.001	4.001	23470	23920	47390
14.000	5.000	13.998	4.996	23810	23270	47080
14.000	6.000	13.998	6.002	22690	22940	45630
14.000	7.000	13.998	6.999	23380	23160	46540
14.000	8.000	14.000	8.002	24390	24200	48590
14.000	9.000	14.000	8.998	23160	23170	46330
14.000	10.000	14.001	9.996	23570	22770	46340
14.000	11.000	14.002	10.998	23890	24220	48110
14.000	12.000	13.997	11.999	23350	22720	46070
14.000	13.000	14.000	12.997	23650	23320	46970
14.000	14.000	14.001	13.998	23770	23520	47290
14.000	15.000	14.001	15.001	23110	22600	45710
14.000	16.000	14.003	15.998	23310	23840	47150
14.000	17.000	14.005	17.002	22350	22780	45130
14.000	18.000	14.000	17.995	23660	24560	48220
14.000	19.000	13.997	19.001	23250	23290	46540
14.000	20.000	14.001	20.001	24040	23910	47950
15.000	-20.000	14.999	-19.998	48690	49370	98060
15.000	-19.000	15.000	-19.003	46800	49830	96630
15.000	-18.000	15.001	-17.999	42830	44560	87390
15.000	-17.000	14.995	-17.000	38300	39750	78050
15.000	-16.000	14.998	-16.006	38610	40740	79350
15.000	-15.000	15.000	-14.994	36770	38260	75030
15.000	-14.000	15.000	-13.993	35690	35930	71620
15.000	-13.000	15.002	-13.002	36270	34240	70510
15.000	-12.000	15.000	-11.998	37990	38790	76780
15.000	-11.000	15.004	-10.997	37200	38080	75280
15.000	-10.000	15.002	-10.000	33570	34650	68220
15.000	-9.000	14.998	-9.000	28890	29810	58700
15.000	-8.000	14.996	-7.998	20200	19560	39760
15.000	-7.000	15.001	-7.003	15590	16920	32510
15.000	-6.000	15.000	-5.998	15860	16750	32610
15.000	-5.000	15.002	-4.996	15440	15250	30690
15.000	-4.000	15.000	-3.995	15980	15890	31870
15.000	-3.000	14.995	-3.003	15610	15150	30760
15.000	-2.000	15.000	-2.003	15400	15630	31030
15.000	-1.000	15.000	-1.002	16320	17700	34020
15.000	0.000	15.002	0.001	20810	19940	40750
15.000	1.000	14.998	1.004	23790	23150	46940
15.000	2.000	14.999	1.998	25290	23960	49250
15.000	3.000	15.000	3.000	23480	23670	47150
15.000	4.000	15.000	4.000	24780	24300	49080
15.000	5.000	14.999	5.001	23390	23060	46450
15.000	6.000	15.003	6.001	23740	24160	47900
15.000	7.000	14.996	6.998	24600	22870	47470
15.000	8.000	14.995	8.006	24040	25050	49090
15.000	9.000	14.998	8.996	24930	24220	49150
15.000	10.000	15.001	10.004	24570	23640	48210
15.000	11.000	14.995	11.006	24350	23190	47540
15.000	12.000	15.003	12.000	24700	24560	49260
15.000	13.000	14.997	12.999	24020	23610	47630
15.000	14.000	15.001	14.003	24370	24290	48660
15.000	15.000	15.000	14.993	24930	25480	50410
15.000	16.000	14.996	15.996	24590	24060	48650
15.000	17.000	14.998	17.005	24600	24300	48900
15.000	18.000	15.000	17.999	23580	24320	47900
15.000	19.000	14.998	18.995	23580	23230	46810
15.000	20.000	15.000	20.005	24050	24640	48690
16.000	-20.000	15.997	-20.005	49580	51810	101390
16.000	-19.000	16.004	-18.999	45190	46370	91560
16.000	-18.000	16.006	-17.995	41540	43980	85520
16.000	-17.000	15.999	-16.997	37990	38260	76250
16.000	-16.000	16.002	-16.002	42620	43770	86390
16.000	-15.000	16.002	-14.992	37940	38810	76750
16.000	-14.000	15.996	-14.001	35290	35760	71050
16.000	-13.000	16.001	-13.000	34950	34630	69580
16.000	-12.000	16.001	-12.003	38840	39450	78290
16.000	-11.000	15.997	-10.998	35540	35710	71250
16.000	-10.000	16.000	-10.003	33700	35100	68800
16.000	-9.000	16.002	-9.003	27370	27360	54730
16.000	-8.000	15.995	-7.999	21200	20680	41880
16.000	-7.000	16.002	-7.002	18380	17100	35480
16.000	-6.000	16.005	-6.000	16910	17360	34270
16.000	-5.000	15.997	-4.998	19070	17260	36330
16.000	-4.000	15.997	-4.000	18790	18700	37490
16.000	-3.000	16.000	-3.000	19320	17840	37160
16.000	-2.000	16.001	-2.001	19220	17800	37020
16.000	-1.000	15.996	-1.003	20790	20010	40800
16.000	0.000	16.002	0.004	23440	24070	47510
16.000	1.000	16.000	0.987	27170	26560	53730
16.000	2.000	16.002	1.998	27080	27030	54110
16.000	3.000	16.001	3.001	25360	25090	50450
16.000	4.000	16.003	3.995	24640	24300	48940
16.000	5.000	16.000	5.000	23850	23950	47800
16.000	6.000	16.000	6.008	23620	25130	48750
16.000	7.000	16.005	7.000	25870	23920	49790
16.000	8.000	16.003	7.996	24620	23320	47940
16.000	9.000	16.002	9.003	25040	24530	49570
16.000	10.000	15.999	10.004	23960	23880	47840
16.000	11.000	15.999	10.991	23920	25000	48920
16.000	12.000	16.003	12.006	22790	24090	46880
16.000	13.000	16.006	13.002	23530	24710	48240
16.000	14.000	15.993	14.000	24730	24240	48970
16.000	15.000	16.003	15.013	23910	23250	47160
16.000	16.000	15.999	15.999	23600	24200	47800
16.000	17.000	16.001	17.004	23370	23850	47220
16.000	18.000	16.001	17.998	24940	23050	47990
16.000	19.000	15.995	18.996	23560	23960	47520
16.000	20.000	16.000	20.005	24910	25640	50550
17.000	-20.000	16.998	-20.003	48110	51940	100050
17.000	-19.000	16.999	-18.998	47950	48540	96490
17.000	-18.000	16.999	-18.001	41850	44680	86530
17.000	-17.000	17.002	-17.003	36330	38790	75120
17.000	-16.000	16.998	-16.005	41940	43880	85820
17.000	-15.000	17.002	-15.000	38780	37290	76070
17.000	-14.000	17.000	-13.997	35800	36420	72220
17.000	-13.000	17.003	-13.007	35850	34600	70450
17.000	-12.000	16.998	-12.000	39780	39150	78930
17.000	-11.000	17.000	-10.996	36880	37100	73980
17.000	-10.000	17.003	-10.000	32950	34470	67420
17.000	-9.000	16.999	-9.004	27680	27710	55390
17.000	-8.000	16.998	-7.998	21420	21360	42780
17.000	-7.000	16.999	-7.000	19030	19360	38390
17.000	-6.000	16.999	-5.999	23250	23000	46250
17.000	-5.000	17.002	-4.998	23610	22410	46020
17.000	-4.000	17.000	-4.000	25330	24750	50080
17.000	-3.000	16.996	-3.004	24980	24360	49340
17.000	-2.000	17.000	-2.006	25780	24150	49930
17.000	-1.000	16.999	-0.999	25990	25860	51850
17.000	0.000	17.004	-0.006	28790	28400	57190
17.000	1.000	17.004	1.001	28820	27810	56630
17.000	2.000	17.001	2.002	26080	26640	52720
17.000	3.000	17.005	2.998	23990	23980	47970
17.000	4.000	17.000	4.001	24550	24120	48670
17.000	5.000	17.004	5.004	24230	23850	48080
17.000	6.000	16.996	5.999	23860	23800	47660
17.000	7.000	17.002	7.007	23840	23360	47200
17.000	8.000	17.001	7.999	23770	23470	47240
17.000	9.000	16.996	9.006	24040	23550	47590
17.000	10.000	17.001	10.006	23890	23530	47420
17.000	11.000	17.003	11.001	24100	22500	46600
17.000	12.000	17.001	11.996	23830	23110	46940
17.000	13.000	17.003	13.001	24550	23970	48520
17.000	14.000	17.001	14.003	24350	23570	47920
17.000	15.000	16.998	15.000	23810	24210	48020
17.000	16.000	17.004	15.996	24480	23170	47650
17.000	17.000	17.003	17.000	23990	23710	47700
17.000	18.000	16.999	18.000	24400	22630	47030
17.000	19.000	17.000	18.997	23840	23440	47280
17.000	20.000	17.004	20.005	24420	23480	47900
18.000	-20.000	18.001	-20.004	48780	51240	100020
18.000	-19.000	17.998	-19.004	46380	49110	95490
18.000	-18.000	18.000	-18.002	42120	44090	86210
18.000	-17.000	17.998	-17.005	38880	38880	77760
18.000	-16.000	17.998	-16.001	39680	40910	80590
18.000	-15.000	18.004	-15.000	37220	36240	73460
18.000	-14.000	17.997	-13.995	36220	35190	71410
18.000	-13.000	18.000	-13.000	37070	35350	72420
18.000	-12.000	18.003	-11.996	41300	42980	84280
18.000	-11.000	18.003	-11.002	41060	41440	82500
18.000	-10.000	17.998	-10.000	34720	36020	70740
18.000	-9.000	18.004	-9.011	29260	29240	58500
18.000	-8.000	18.001	-7.995	21240	20680	41920
18.000	-7.000	18.000	-6.997	24280	24360	48640
18.000	-6.000	17.996	-5.998	26200	25130	51330
18.000	-5.000	18.000	-4.997	28220	27400	55620
18.000	-4.000	18.002	-3.998	28390	27300	55690
18.000	-3.000	18.003	-3.001	28610	27880	56490
18.000	-2.000	18.003	-2.007	29620	27460	57080
18.000	-1.000	17.997	-1.004	29970	29650	59620
18.000	0.000	18.000	0.002	28460	29140	57600
18.000	1.000	18.000	1.005	28470	26930	55400
18.000	2.000	18.002	2.000	26650	25680	52330
18.000	3.000	18.003	3.000	26080	25320	51400
18.000	4.000	17.999	3.992	25390	24280	49670
18.000	5.000	17.998	4.997	25110	23530	48640
18.000	6.000	18.003	6.001	24800	24200	49000
18.000	7.000	18.003	7.000	24010	24210	48220
18.000	8.000	18.003	7.994	24330	23430	47760
18.000	9.000	18.001	9.001	25890	22900	48790
18.000	10.000	18.003	9.999	24660	23140	47800
18.000	11.000	18.000	11.002	23920	23530	47450
18.000	12.000	17.998	12.000	24550	24330	48880
18.000	13.000	18.001	12.997	24020	23520	47540
18.000	14.000	18.007	14.001	24770	23670	48440
18.000	15.000	17.998	15.002	25220	23560	48780
18.000	16.000	18.002	16.000	23680	23590	47270
18.000	17.000	18.001	16.999	24240	23500	47740
18.000	18.000	17.999	17.998	24940	22240	47180
18.000	19.000	18.002	18.991	24020	23570	47590
18.000	20.000	17.997	19.993	24860	24430	49290
19.000	-20.000	19.003	-19.999	50600	51730	102330
19.000	-19.000	19.003	-19.004	47160	50210	97370
19.000	-18.000	19.001	-18.000	42970	45070	88040
19.000	-17.000	19.004	-17.001	41890	44180	86070
19.000	-16.000	18.999	-16.002	38860	38110	76970
19.000	-15.000	18.996	-14.998	37400	35170	72570
19.000	-14.000	19.000	-14.005	36900	35520	72420
19.000	-13.000	19.005	-12.997	37780	37580	75360
19.000	-12.000	19.001	-12.000	42610	42540	85150
19.000	-11.000	19.002	-11.005	37380	38800	76180
19.000	-10.000	19.004	-10.001	33810	34860	68670
19.000	-9.000	19.000	-9.008	25600	25970	51570
19.000	-8.000	19.000	-8.002	21410	21510	42920
19.000	-7.000	19.000	-7.002	27170	27410	54580
19.000	-6.000	19.002	-6.001	29370	28840	58210
19.000	-5.000	19.002	-4.997	30840	29430	60270
19.000	-4.000	18.999	-3.993	31300	30020	61320
19.000	-3.000	19.000	-2.998	30060	29890	59950
19.000	-2.000	18.997	-2.001	30240	31310	61550
19.000	-1.000	18.998	-1.000	28670	27970	56640
19.000	0.000	18.999	-0.002	27280	25720	53000
19.000	1.000	18.999	1.003	26550	25170	51720
19.000	2.000	19.002	2.001	25590	24640	50230
19.000	3.000	18.999	3.003	26650	23950	50600
19.000	4.000	19.003	4.000	24830	24080	48910
19.000	5.000	18.998	5.002	25470	24510	49980
19.000	6.000	19.000	6.001	24490	24310	48800
19.000	7.000	19.002	6.996	24230	23630	47860
19.000	8.000	19.002	7.990	25150	24460	49610
19.000	9.000	19.002	8.997	24920	23270	48190
19.000	10.000	19.004	10.004	24940	24280	49220
19.000	11.000	18.999	10.999	25010	23950	48960
19.000	12.000	19.002	12.002	25030	24290	49320
19.000	13.000	18.998	13.007	25530	23900	49430
19.000	14.000	19.003	13.999	25680	24440	50120
19.000	15.000	18.999	14.990	25630	23850	49480
19.000	16.000	19.001	15.998	25480	23760	49240
19.000	17.000	19.000	17.001	26430	25310	51740
19.000	18.000	19.001	18.002	24840	24320	49160
19.000	19.000	19.004	18.991	26250	24100	50350
19.000	20.000	18.999	19.993	26620	23710	50330
20.000	-20.000	19.997	-19.995	55400	55300	110700
20.000	-19.000	19.999	-18.999	46780	49170	95950
20.000	-18.000	20.000	-18.006	42070	44720	86790
20.000	-17.000	20.001	-16.996	42550	43910	86460
20.000	-16.000	20.002	-16.004	37050	38390	75440
20.000	-15.000	20.000	-14.999	36070	35600	71670
20.000	-14.000	20.001	-14.002	36770	36050	72820
20.000	-13.000	19.999	-13.001	41710	41300	83010
20.000	-12.000	19.995	-11.996	40810	40790	81600
20.000	-11.000	20.000	-11.002	39720	41010	80730
20.000	-10.000	20.000	-10.003	33950	35020	68970
20.000	-9.000	20.000	-9.002	26360	28630	54990
20.000	-8.000	20.003	-8.004	23410	23290	46700
20.000	-7.000	19.998	-6.998	29770	30090	59860
20.000	-6.000	19.999	-6.001	32690	31450	64140
20.000	-5.000	19.997	-4.999	32420	32460	64880
20.000	-4.000	20.001	-3.998	30850	30930	61780
20.000	-3.000	20.000	-3.001	30400	29860	60260
20.000	-2.000	20.000	-2.004	30210	27850	58060
20.000	-1.000	19.999	-0.997	28530	27940	56470
20.000	0.000	20.003	-0.001	27970	27770	55740
20.000	1.000	19.997	0.999	26640	25930	52570
20.000	2.000	19.998	2.002	25780	26560	52340
20.000	3.000	20.000	3.001	26650	25610	52260
20.000	4.000	20.000	4.001	26130	25730	51860
20.000	5.000	20.003	5.007	26790	26270	53060
20.000	6.000	20.000	6.007	26250	26540	52790
20.000	7.000	19.998	7.003	25500	26590	52090
20.000	8.000	19.998	8.005	26490	26040	52530
20.000	9.000	19.997	8.999	26550	26130	52680
20.000	10.000	20.004	10.002	26230	25670	51900
20.000	11.000	20.003	11.003	26100	25370	51470
20.000	12.000	19.995	11.999	25330	25800	51130
20.000	13.000	20.000	12.993	26820	27440	54260
20.000	14.000	19.999	14.000	25900	26820	52720
20.000	15.000	20.000	14.996	26890	26560	53450
20.000	16.000	20.004	15.997	28510	26040	54550
20.000	17.000	19.999	17.003	27620	26820	54440
20.000	18.000	19.998	18.002	26370	26730	53100
20.000	19.000	19.998	19.001	27460	27190	54650
20.000	20.000	20.001	19.996	27370	27670	55040
