# PL Mapping - 2025_07_24_15_12_14
# x_req	y_req	x_act	y_act	count1	count2	total
-247.601	103.553	-247.597	103.554	3310	3090	6400
-247.601	103.653	-247.601	103.653	2950	3020	5970
-247.601	103.753	-247.605	103.750	3310	2730	6040
-247.601	103.853	-247.601	103.852	3340	3010	6350
-247.601	103.953	-247.602	103.956	3230	2790	6020
-247.601	104.053	-247.602	104.054	3160	2740	5900
-247.601	104.153	-247.599	104.154	3300	2660	5960
-247.601	104.253	-247.607	104.202	2880	2960	5840
-247.601	104.353	-247.605	104.354	3160	2490	5650
-247.601	104.453	-247.600	104.456	2790	2730	5520
-247.601	104.553	-247.604	104.554	3070	2760	5830
-247.601	104.653	-247.602	104.654	3100	2800	5900
-247.601	104.753	-247.601	104.742	3180	2970	6150
-247.601	104.853	-247.607	104.850	2710	2730	5440
-247.601	104.953	-247.606	104.953	3020	2720	5740
-247.601	105.053	-247.598	105.054	2950	3010	5960
-247.601	105.153	-247.601	105.155	3070	2840	5910
-247.601	105.253	-247.601	105.248	3350	2860	6210
-247.601	105.353	-247.598	105.351	3070	2740	5810
-247.601	105.453	-247.603	105.455	2810	2550	5360
-247.601	105.553	-247.602	105.548	2740	2770	5510
-247.601	105.653	-247.598	105.645	2620	2480	5100
-247.601	105.753	-247.602	105.756	3010	2390	5400
-247.601	105.853	-247.599	105.854	2820	2620	5440
-247.601	105.953	-247.602	105.955	2640	2400	5040
-247.601	106.053	-247.600	106.054	2910	2690	5600
-247.601	106.153	-247.600	106.166	2840	2520	5360
-247.601	106.253	-247.607	106.255	2900	2400	5300
-247.601	106.353	-247.603	106.351	3100	2590	5690
-247.601	106.453	-247.604	106.455	3040	2590	5630
-247.601	106.553	-247.606	106.529	2830	2500	5330
-247.601	106.653	-247.600	106.654	2860	2280	5140
-247.601	106.753	-247.602	106.754	2960	2690	5650
-247.601	106.853	-247.599	106.855	2600	2540	5140
-247.601	106.953	-247.600	106.963	2840	2290	5130
-247.601	107.053	-247.601	107.051	2540	2680	5220
-247.601	107.153	-247.605	107.152	2890	2500	5390
-247.601	107.253	-247.601	107.251	2650	2390	5040
-247.601	107.353	-247.600	107.357	2880	2590	5470
-247.601	107.453	-247.602	107.456	3070	2380	5450
-247.601	107.553	-247.598	107.558	2740	2640	5380
-247.501	103.553	-247.498	103.502	2810	2180	4990
-247.501	103.653	-247.507	103.655	3010	2950	5960
-247.501	103.753	-247.503	103.758	3180	2960	6140
-247.501	103.853	-247.502	103.857	3200	2900	6100
-247.501	103.953	-247.501	103.957	3060	3100	6160
-247.501	104.053	-247.504	104.041	3310	2800	6110
-247.501	104.153	-247.499	104.156	3210	2760	5970
-247.501	104.253	-247.500	104.256	3250	2490	5740
-247.501	104.353	-247.498	104.354	3110	2840	5950
-247.501	104.453	-247.497	104.454	3060	2880	5940
-247.501	104.553	-247.501	104.542	2950	2460	5410
-247.501	104.653	-247.502	104.656	3080	2760	5840
-247.501	104.753	-247.504	104.745	2890	2830	5720
-247.501	104.853	-247.503	104.853	2790	2510	5300
-247.501	104.953	-247.503	104.947	2700	2990	5690
-247.501	105.053	-247.501	105.053	2740	2130	4870
-247.501	105.153	-247.505	105.152	3000	2700	5700
-247.501	105.253	-247.500	105.259	2910	2910	5820
-247.501	105.353	-247.501	105.352	2640	2400	5040
-247.501	105.453	-247.502	105.464	2950	2440	5390
-247.501	105.553	-247.504	105.549	2670	2570	5240
-247.501	105.653	-247.502	105.650	2910	2460	5370
-247.501	105.753	-247.500	105.754	2800	2180	4980
-247.501	105.853	-247.501	105.877	2960	2320	5280
-247.501	105.953	-247.500	105.957	2830	2350	5180
-247.501	106.053	-247.499	106.054	2580	2300	4880
-247.501	106.153	-247.501	106.155	2850	2430	5280
-247.501	106.253	-247.501	106.258	2450	2450	4900
-247.501	106.353	-247.501	106.349	2780	2390	5170
-247.501	106.453	-247.499	106.459	2820	2170	4990
-247.501	106.553	-247.500	106.554	2430	2820	5250
-247.501	106.653	-247.499	106.656	2540	2240	4780
-247.501	106.753	-247.501	106.764	2990	2660	5650
-247.501	106.853	-247.500	106.753	2610	2080	4690
-247.501	106.953	-247.500	106.746	2630	2410	5040
-247.501	107.053	-247.497	106.747	2640	2640	5280
-247.501	107.153	-247.500	106.756	2550	2480	5030
-247.501	107.253	-247.501	106.744	2690	2350	5040
-247.501	107.353	-247.503	106.750	2810	2430	5240
-247.501	107.453	-247.499	106.750	2750	2490	5240
-247.501	107.553	-247.503	106.750	2790	2440	5230
-247.401	103.553	-247.404	106.754	2880	2330	5210
-247.401	103.653	-247.400	106.750	2620	2380	5000
-247.401	103.753	-247.399	106.754	2550	2330	4880
-247.401	103.853	-247.403	106.752	2500	2000	4500
-247.401	103.953	-247.401	106.751	2600	2370	4970
-247.401	104.053	-247.402	106.752	2910	2330	5240
-247.401	104.153	-247.402	106.750	2600	2560	5160
-247.401	104.253	-247.398	106.754	2550	2590	5140
-247.401	104.353	-247.401	106.751	2930	2160	5090
-247.401	104.453	-247.406	106.753	2860	2250	5110
-247.401	104.553	-247.398	106.752	2580	2470	5050
-247.401	104.653	-247.401	106.753	2840	2690	5530
-247.401	104.753	-247.404	106.754	3120	2370	5490
-247.401	104.853	-247.399	106.751	2760	2320	5080
-247.401	104.953	-247.400	106.751	2600	2360	4960
-247.401	105.053	-247.399	106.751	2680	2430	5110
-247.401	105.153	-247.405	106.754	2860	2470	5330
-247.401	105.253	-247.401	106.752	2940	2470	5410
-247.401	105.353	-247.402	106.757	2710	2140	4850
-247.401	105.453	-247.397	106.750	2780	2290	5070
-247.401	105.553	-247.400	106.755	3030	2810	5840
-247.401	105.653	-247.401	106.752	2640	2180	4820
-247.401	105.753	-247.401	106.756	2580	2670	5250
-247.401	105.853	-247.397	106.755	2440	2420	4860
-247.401	105.953	-247.404	106.759	2670	2380	5050
-247.401	106.053	-247.401	106.761	2360	2500	4860
-247.401	106.153	-247.399	106.755	2780	2400	5180
-247.401	106.253	-247.405	106.751	2660	2460	5120
-247.401	106.353	-247.397	106.754	2490	2470	4960
-247.401	106.453	-247.402	106.752	2680	2550	5230
-247.401	106.553	-247.403	106.756	2480	2260	4740
-247.401	106.653	-247.404	106.759	2820	2020	4840
-247.401	106.753	-247.399	106.748	2740	2540	5280
-247.401	106.853	-247.402	106.756	2730	2200	4930
-247.401	106.953	-247.399	106.756	2660	2580	5240
-247.401	107.053	-247.399	106.752	2870	2480	5350
-247.401	107.153	-247.402	106.751	2800	2460	5260
-247.401	107.253	-247.399	106.751	2530	2050	4580
-247.401	107.353	-247.403	106.757	2360	2450	4810
-247.401	107.453	-247.401	106.755	2640	2470	5110
-247.401	107.553	-247.404	106.752	2430	2220	4650
-247.301	103.553	-247.298	106.758	2820	2430	5250
-247.301	103.653	-247.300	106.753	2910	2200	5110
-247.301	103.753	-247.300	106.761	2760	2340	5100
-247.301	103.853	-247.298	106.757	2740	2340	5080
-247.301	103.953	-247.301	106.761	2640	2060	4700
-247.301	104.053	-247.299	106.752	2490	2590	5080
-247.301	104.153	-247.298	106.751	2640	2430	5070
-247.301	104.253	-247.301	106.754	2720	2270	4990
-247.301	104.353	-247.301	106.758	2810	2540	5350
-247.301	104.453	-247.298	106.755	2750	2390	5140
-247.301	104.553	-247.300	106.759	2590	2640	5230
-247.301	104.653	-247.301	106.752	2420	2440	4860
-247.301	104.753	-247.301	106.753	2440	2320	4760
-247.301	104.853	-247.303	106.751	2650	2620	5270
-247.301	104.953	-247.304	106.752	2840	2350	5190
-247.301	105.053	-247.303	106.754	2680	2390	5070
-247.301	105.153	-247.299	106.760	2340	2170	4510
-247.301	105.253	-247.301	106.752	2480	2580	5060
-247.301	105.353	-247.300	106.752	2700	2270	4970
-247.301	105.453	-247.305	106.754	2440	2410	4850
-247.301	105.553	-247.304	106.752	2850	2430	5280
-247.301	105.653	-247.303	106.753	2650	2570	5220
-247.301	105.753	-247.305	106.758	2790	2460	5250
-247.301	105.853	-247.299	106.757	2720	2580	5300
-247.301	105.953	-247.301	106.755	2780	2560	5340
-247.301	106.053	-247.298	106.757	2510	2350	4860
-247.301	106.153	-247.303	106.754	2360	2380	4740
-247.301	106.253	-247.301	106.756	2510	2450	4960
-247.301	106.353	-247.301	106.753	2350	2340	4690
-247.301	106.453	-247.298	106.754	2690	2410	5100
-247.301	106.553	-247.300	106.754	2880	2580	5460
-247.301	106.653	-247.301	106.759	2630	2540	5170
-247.301	106.753	-247.304	106.756	2720	2260	4980
-247.301	106.853	-247.301	106.751	2580	2370	4950
-247.301	106.953	-247.304	106.752	2510	2340	4850
-247.301	107.053	-247.298	106.755	2520	2410	4930
-247.301	107.153	-247.297	106.754	2740	2250	4990
-247.301	107.253	-247.298	106.756	2620	2380	5000
-247.301	107.353	-247.299	106.755	2820	2300	5120
-247.301	107.453	-247.300	106.763	2740	2490	5230
-247.301	107.553	-247.301	106.754	2570	2290	4860
-247.201	103.553	-247.206	106.753	2910	2300	5210
-247.201	103.653	-247.202	106.759	2860	2260	5120
-247.201	103.753	-247.199	106.758	2700	2200	4900
-247.201	103.853	-247.200	106.754	2760	2470	5230
-247.201	103.953	-247.199	106.759	2400	2290	4690
-247.201	104.053	-247.199	106.758	2550	2630	5180
-247.201	104.153	-247.204	106.757	2750	2550	5300
-247.201	104.253	-247.202	106.759	2820	2500	5320
-247.201	104.353	-247.203	106.757	2800	2500	5300
-247.201	104.453	-247.201	106.757	2540	2150	4690
-247.201	104.553	-247.200	106.754	2750	2330	5080
-247.201	104.653	-247.202	106.756	2760	2570	5330
-247.201	104.753	-247.200	106.752	2470	2570	5040
-247.201	104.853	-247.198	106.756	2440	2230	4670
-247.201	104.953	-247.201	106.757	2600	2380	4980
-247.201	105.053	-247.202	106.760	2530	2330	4860
-247.201	105.153	-247.199	106.751	2910	2370	5280
-247.201	105.253	-247.198	106.755	2490	2300	4790
-247.201	105.353	-247.203	106.758	2610	2380	4990
-247.201	105.453	-247.201	106.753	2500	2320	4820
-247.201	105.553	-247.201	106.759	2750	2210	4960
-247.201	105.653	-247.203	106.755	2540	2530	5070
-247.201	105.753	-247.197	106.753	2720	2440	5160
-247.201	105.853	-247.201	106.760	2730	2530	5260
-247.201	105.953	-247.201	106.757	2680	2280	4960
-247.201	106.053	-247.204	106.752	2660	2470	5130
-247.201	106.153	-247.199	106.754	2420	2410	4830
-247.201	106.253	-247.197	106.755	2640	2380	5020
-247.201	106.353	-247.200	106.756	2450	2480	4930
-247.201	106.453	-247.201	106.762	2930	2280	5210
-247.201	106.553	-247.205	106.756	2510	2140	4650
-247.201	106.653	-247.200	106.757	2340	2280	4620
-247.201	106.753	-247.203	106.760	2780	2420	5200
-247.201	106.853	-247.203	106.759	2400	2560	4960
-247.201	106.953	-247.203	106.761	2460	2420	4880
-247.201	107.053	-247.201	106.763	2670	2290	4960
-247.201	107.153	-247.203	106.758	2510	2410	4920
-247.201	107.253	-247.203	106.759	2550	2410	4960
-247.201	107.353	-247.202	106.758	2660	2270	4930
-247.201	107.453	-247.202	106.753	2810	2410	5220
-247.201	107.553	-247.202	106.759	2740	2420	5160
-247.101	103.553	-247.102	106.763	2790	2390	5180
-247.101	103.653	-247.101	106.762	2920	2380	5300
-247.101	103.753	-247.103	106.756	2440	2280	4720
-247.101	103.853	-247.096	106.759	2420	2400	4820
-247.101	103.953	-247.100	106.754	2480	1990	4470
-247.101	104.053	-247.106	106.758	2660	2450	5110
-247.101	104.153	-247.101	106.759	2530	2310	4840
-247.101	104.253	-247.106	106.759	2860	2340	5200
-247.101	104.353	-247.103	106.762	3030	2180	5210
-247.101	104.453	-247.102	106.761	2590	2450	5040
-247.101	104.553	-247.100	106.763	2680	2570	5250
-247.101	104.653	-247.102	106.752	2560	2100	4660
-247.101	104.753	-247.101	106.759	2530	2640	5170
-247.101	104.853	-247.099	106.756	2570	2360	4930
-247.101	104.953	-247.104	106.756	2520	2530	5050
-247.101	105.053	-247.101	106.757	2840	2220	5060
-247.101	105.153	-247.099	106.758	2660	2700	5360
-247.101	105.253	-247.101	106.759	2480	2400	4880
-247.101	105.353	-247.099	106.757	2310	2430	4740
-247.101	105.453	-247.099	106.756	2460	2630	5090
-247.101	105.553	-247.103	106.755	2910	2110	5020
-247.101	105.653	-247.103	106.761	2600	2140	4740
-247.101	105.753	-247.104	106.759	2700	2330	5030
-247.101	105.853	-247.097	106.763	2840	2550	5390
-247.101	105.953	-247.098	106.756	2950	2290	5240
-247.101	106.053	-247.099	106.760	3010	2490	5500
-247.101	106.153	-247.106	106.758	2970	2190	5160
-247.101	106.253	-247.102	106.758	2820	2250	5070
-247.101	106.353	-247.106	106.760	2520	2230	4750
-247.101	106.453	-247.104	106.761	2520	2250	4770
-247.101	106.553	-247.100	106.760	2580	2220	4800
-247.101	106.653	-247.099	106.756	2610	2600	5210
-247.101	106.753	-247.101	106.763	2630	2340	4970
-247.101	106.853	-247.099	106.760	2420	2310	4730
-247.101	106.953	-247.101	106.762	2610	2450	5060
-247.101	107.053	-247.100	106.759	2460	2500	4960
-247.101	107.153	-247.102	106.756	2520	2430	4950
-247.101	107.253	-247.105	106.757	2410	2400	4810
-247.101	107.353	-247.100	106.754	2590	2290	4880
-247.101	107.453	-247.101	106.756	2610	2190	4800
-247.101	107.553	-247.099	106.765	2860	2600	5460
-247.001	103.553	-247.002	106.755	2520	2490	5010
-247.001	103.653	-247.000	106.756	2460	2380	4840
-247.001	103.753	-246.998	106.763	2590	2380	4970
-247.001	103.853	-247.002	106.760	2320	2250	4570
-247.001	103.953	-247.001	106.760	2490	2430	4920
-247.001	104.053	-247.001	106.761	2890	2350	5240
-247.001	104.153	-247.003	106.757	2560	2170	4730
-247.001	104.253	-247.005	106.758	2560	2410	4970
-247.001	104.353	-247.003	106.760	2760	2640	5400
-247.001	104.453	-247.000	106.759	2370	2350	4720
-247.001	104.553	-246.999	106.754	2780	2310	5090
-247.001	104.653	-247.002	106.754	2580	2010	4590
-247.001	104.753	-247.000	106.755	2440	2470	4910
-247.001	104.853	-247.001	106.759	2410	2190	4600
-247.001	104.953	-247.004	106.760	2580	2310	4890
-247.001	105.053	-247.002	106.756	2700	2160	4860
-247.001	105.153	-246.998	106.760	2590	2390	4980
-247.001	105.253	-247.000	106.759	2560	2490	5050
-247.001	105.353	-247.001	106.754	2290	2390	4680
-247.001	105.453	-247.003	106.755	2500	2370	4870
-247.001	105.553	-246.999	106.757	2690	2360	5050
-247.001	105.653	-247.005	106.754	2430	2270	4700
-247.001	105.753	-247.002	106.762	2690	2080	4770
-247.001	105.853	-247.006	106.755	2300	2130	4430
-247.001	105.953	-247.000	106.758	2890	2470	5360
-247.001	106.053	-247.002	106.759	2470	2260	4730
-247.001	106.153	-246.999	106.758	2650	2230	4880
-247.001	106.253	-247.001	106.761	2480	2520	5000
-247.001	106.353	-246.998	106.758	2690	2540	5230
-247.001	106.453	-246.998	106.761	2840	2480	5320
-247.001	106.553	-247.000	106.763	2500	2360	4860
-247.001	106.653	-247.003	106.756	3010	2190	5200
-247.001	106.753	-247.002	106.756	2340	2310	4650
-247.001	106.853	-246.999	106.762	2470	2400	4870
-247.001	106.953	-246.999	106.762	2750	2110	4860
-247.001	107.053	-246.998	106.754	2600	2300	4900
-247.001	107.153	-247.001	106.759	2650	2210	4860
-247.001	107.253	-247.005	106.761	2440	2390	4830
-247.001	107.353	-247.002	106.757	2570	2330	4900
-247.001	107.453	-247.002	106.760	2570	2210	4780
-247.001	107.553	-247.001	106.762	2650	2140	4790
-246.901	103.553	-246.900	106.763	2980	2350	5330
-246.901	103.653	-246.899	106.758	2530	2080	4610
-246.901	103.753	-246.903	106.757	2430	2230	4660
-246.901	103.853	-246.899	106.755	2460	2110	4570
-246.901	103.953	-246.902	106.755	2260	2630	4890
-246.901	104.053	-246.900	106.758	2260	2450	4710
-246.901	104.153	-246.901	106.763	2860	2030	4890
-246.901	104.253	-246.897	106.759	2450	2070	4520
-246.901	104.353	-246.899	106.755	2640	2120	4760
-246.901	104.453	-246.905	106.760	2670	2220	4890
-246.901	104.553	-246.897	106.759	2490	1850	4340
-246.901	104.653	-246.903	106.760	2350	2280	4630
-246.901	104.753	-246.904	106.756	2620	2240	4860
-246.901	104.853	-246.900	106.761	2620	2320	4940
-246.901	104.953	-246.899	106.757	2570	2220	4790
-246.901	105.053	-246.900	106.754	2570	2300	4870
-246.901	105.153	-246.904	106.761	2440	2400	4840
-246.901	105.253	-246.902	106.757	2420	2110	4530
-246.901	105.353	-246.898	106.758	2660	2540	5200
-246.901	105.453	-246.903	106.757	2730	2240	4970
-246.901	105.553	-246.899	106.756	2780	2150	4930
-246.901	105.653	-246.902	106.762	2410	2240	4650
-246.901	105.753	-246.899	106.757	2500	2290	4790
-246.901	105.853	-246.901	106.758	2650	2410	5060
-246.901	105.953	-246.897	106.757	2680	2110	4790
-246.901	106.053	-246.904	106.759	2510	2260	4770
-246.901	106.153	-246.901	106.762	2540	2190	4730
-246.901	106.253	-246.895	106.760	2600	2480	5080
-246.901	106.353	-246.901	106.760	2420	2290	4710
-246.901	106.453	-246.904	106.759	2360	2410	4770
-246.901	106.553	-246.898	106.762	2670	2110	4780
-246.901	106.653	-246.902	106.756	2640	2230	4870
-246.901	106.753	-246.902	106.758	2230	2290	4520
-246.901	106.853	-246.901	106.759	2570	2440	5010
-246.901	106.953	-246.904	106.755	2570	2050	4620
-246.901	107.053	-246.901	106.758	2470	2230	4700
-246.901	107.153	-246.902	106.756	2510	2360	4870
-246.901	107.253	-246.898	106.757	2410	2330	4740
-246.901	107.353	-246.900	106.759	2440	2150	4590
-246.901	107.453	-246.895	106.757	2400	2170	4570
-246.901	107.553	-246.901	106.756	2800	2170	4970
-246.801	103.553	-246.800	106.763	2580	2240	4820
-246.801	103.653	-246.804	106.758	2970	2420	5390
-246.801	103.753	-246.805	106.758	2790	2280	5070
-246.801	103.853	-246.798	106.758	2690	2280	4970
-246.801	103.953	-246.803	106.763	2480	2120	4600
-246.801	104.053	-246.801	106.754	2660	2190	4850
-246.801	104.153	-246.805	106.761	2640	2200	4840
-246.801	104.253	-246.802	106.762	2450	2300	4750
-246.801	104.353	-246.802	106.758	2350	2030	4380
-246.801	104.453	-246.803	106.761	2500	2230	4730
-246.801	104.553	-246.798	106.756	2660	2190	4850
-246.801	104.653	-246.801	106.760	2760	2590	5350
-246.801	104.753	-246.799	106.756	2430	2140	4570
-246.801	104.853	-246.804	106.753	2470	2220	4690
-246.801	104.953	-246.799	106.757	2630	2380	5010
-246.801	105.053	-246.802	106.756	2440	2210	4650
-246.801	105.153	-246.801	106.753	2390	2510	4900
-246.801	105.253	-246.801	106.760	2310	2210	4520
-246.801	105.353	-246.803	106.760	2530	2120	4650
-246.801	105.453	-246.800	106.760	2670	2410	5080
-246.801	105.553	-246.797	106.756	2570	2450	5020
-246.801	105.653	-246.803	106.757	2480	2600	5080
-246.801	105.753	-246.806	106.764	2690	2230	4920
-246.801	105.853	-246.803	106.756	2920	2500	5420
-246.801	105.953	-246.802	106.757	2540	2370	4910
-246.801	106.053	-246.801	106.759	2720	2230	4950
-246.801	106.153	-246.800	106.758	2520	2730	5250
-246.801	106.253	-246.802	106.757	2670	2300	4970
-246.801	106.353	-246.798	106.761	2820	2380	5200
-246.801	106.453	-246.800	106.758	2830	2170	5000
-246.801	106.553	-246.806	106.755	2630	2180	4810
-246.801	106.653	-246.801	106.754	2820	2330	5150
-246.801	106.753	-246.796	106.759	2090	2060	4150
-246.801	106.853	-246.801	106.757	2390	2480	4870
-246.801	106.953	-246.797	106.761	2370	2350	4720
-246.801	107.053	-246.801	106.754	2560	2410	4970
-246.801	107.153	-246.803	106.758	2760	2490	5250
-246.801	107.253	-246.801	106.759	2560	2590	5150
-246.801	107.353	-246.802	106.755	2490	2520	5010
-246.801	107.453	-246.798	106.759	2790	2340	5130
-246.801	107.553	-246.803	106.756	2790	2330	5120
-246.701	103.553	-246.697	106.759	2680	2400	5080
-246.701	103.653	-246.696	106.763	2630	2150	4780
-246.701	103.753	-246.705	106.757	2900	2330	5230
-246.701	103.853	-246.699	106.756	2580	2250	4830
-246.701	103.953	-246.699	106.753	2500	2620	5120
-246.701	104.053	-246.703	106.759	2360	2210	4570
-246.701	104.153	-246.702	106.757	2470	2320	4790
-246.701	104.253	-246.702	106.762	2650	2200	4850
-246.701	104.353	-246.700	106.755	2670	2460	5130
-246.701	104.453	-246.703	106.757	2670	2220	4890
-246.701	104.553	-246.702	106.760	2810	2270	5080
-246.701	104.653	-246.699	106.761	2380	2570	4950
-246.701	104.753	-246.698	106.757	2320	2380	4700
-246.701	104.853	-246.704	106.758	2710	2590	5300
-246.701	104.953	-246.694	106.760	2800	2470	5270
-246.701	105.053	-246.699	106.759	2790	2490	5280
-246.701	105.153	-246.703	106.756	2660	2500	5160
-246.701	105.253	-246.701	106.756	2580	2190	4770
-246.701	105.353	-246.701	106.756	2430	2190	4620
-246.701	105.453	-246.706	106.762	2660	2110	4770
-246.701	105.553	-246.701	106.756	2840	2400	5240
-246.701	105.653	-246.702	106.761	2850	2190	5040
-246.701	105.753	-246.696	106.759	2340	2350	4690
-246.701	105.853	-246.700	106.758	2550	2210	4760
-246.701	105.953	-246.700	106.755	2690	2330	5020
-246.701	106.053	-246.700	106.760	2130	2350	4480
-246.701	106.153	-246.704	106.760	2660	2520	5180
-246.701	106.253	-246.701	106.758	2720	2280	5000
-246.701	106.353	-246.700	106.762	2560	2470	5030
-246.701	106.453	-246.704	106.761	2410	2420	4830
-246.701	106.553	-246.702	106.759	2700	2080	4780
-246.701	106.653	-246.701	106.755	2740	2220	4960
-246.701	106.753	-246.702	106.762	2600	2250	4850
-246.701	106.853	-246.698	106.754	2700	2270	4970
-246.701	106.953	-246.698	106.766	2660	2330	4990
-246.701	107.053	-246.700	106.757	2610	2300	4910
-246.701	107.153	-246.698	106.757	2270	2290	4560
-246.701	107.253	-246.703	106.764	2680	2410	5090
-246.701	107.353	-246.698	106.759	2680	2240	4920
-246.701	107.453	-246.701	106.759	2630	2340	4970
-246.701	107.553	-246.701	106.765	2400	2080	4480
-246.601	103.553	-246.605	106.762	2830	2080	4910
-246.601	103.653	-246.605	106.757	2770	2550	5320
-246.601	103.753	-246.598	106.763	2730	2440	5170
-246.601	103.853	-246.602	106.761	2730	2310	5040
-246.601	103.953	-246.598	106.757	2580	2150	4730
-246.601	104.053	-246.607	106.762	2530	2500	5030
-246.601	104.153	-246.596	106.762	2470	2210	4680
-246.601	104.253	-246.603	106.758	2180	2130	4310
-246.601	104.353	-246.598	106.759	2640	2170	4810
-246.601	104.453	-246.601	106.763	2610	2080	4690
-246.601	104.553	-246.598	106.756	2560	2250	4810
-246.601	104.653	-246.605	106.758	2540	2030	4570
-246.601	104.753	-246.604	106.760	2190	2450	4640
-246.601	104.853	-246.604	106.762	2100	2130	4230
-246.601	104.953	-246.600	106.758	2830	2220	5050
-246.601	105.053	-246.601	106.758	2460	2200	4660
-246.601	105.153	-246.600	106.760	2630	2340	4970
-246.601	105.253	-246.600	106.761	2510	2350	4860
-246.601	105.353	-246.603	106.757	2540	2410	4950
-246.601	105.453	-246.602	106.756	2690	2340	5030
-246.601	105.553	-246.600	106.758	2420	2480	4900
-246.601	105.653	-246.599	106.762	2790	2160	4950
-246.601	105.753	-246.599	106.759	2430	2470	4900
-246.601	105.853	-246.604	106.757	2920	2540	5460
-246.601	105.953	-246.601	106.756	2290	2160	4450
-246.601	106.053	-246.606	106.759	2490	2140	4630
-246.601	106.153	-246.599	106.760	2790	2360	5150
-246.601	106.253	-246.602	106.759	2640	2340	4980
-246.601	106.353	-246.599	106.758	2490	2520	5010
-246.601	106.453	-246.601	106.762	2390	2700	5090
-246.601	106.553	-246.596	106.759	2480	2140	4620
-246.601	106.653	-246.601	106.757	2540	2410	4950
-246.601	106.753	-246.602	106.757	2190	2370	4560
-246.601	106.853	-246.600	106.762	2340	2350	4690
-246.601	106.953	-246.600	106.760	2710	2170	4880
-246.601	107.053	-246.603	106.756	2490	2170	4660
-246.601	107.153	-246.604	106.757	2720	2100	4820
-246.601	107.253	-246.602	106.757	2420	2540	4960
-246.601	107.353	-246.599	106.757	2430	2040	4470
-246.601	107.453	-246.602	106.760	2710	2280	4990
-246.601	107.553	-246.604	106.763	2450	2320	4770
-246.501	103.553	-246.501	106.762	2900	2260	5160
-246.501	103.653	-246.502	106.758	2450	2670	5120
-246.501	103.753	-246.501	106.761	2520	2500	5020
-246.501	103.853	-246.501	106.757	2460	2440	4900
-246.501	103.953	-246.497	106.760	3090	2340	5430
-246.501	104.053	-246.500	106.761	2430	2480	4910
-246.501	104.153	-246.501	106.752	2530	2480	5010
-246.501	104.253	-246.500	106.759	2450	2250	4700
-246.501	104.353	-246.501	106.759	2590	2320	4910
-246.501	104.453	-246.504	106.758	2790	2290	5080
-246.501	104.553	-246.502	106.761	2270	2370	4640
-246.501	104.653	-246.502	106.756	2490	2360	4850
-246.501	104.753	-246.503	106.759	2540	2520	5060
-246.501	104.853	-246.503	106.759	2710	2250	4960
-246.501	104.953	-246.500	106.761	2630	2320	4950
-246.501	105.053	-246.502	106.756	2330	2350	4680
-246.501	105.153	-246.506	106.758	2580	2510	5090
-246.501	105.253	-246.500	106.757	2600	1910	4510
-246.501	105.353	-246.500	106.763	2510	2010	4520
-246.501	105.453	-246.506	106.757	2650	2420	5070
-246.501	105.553	-246.502	106.760	2460	2390	4850
-246.501	105.653	-246.503	106.752	2690	2140	4830
-246.501	105.753	-246.501	106.760	2620	2420	5040
-246.501	105.853	-246.504	106.761	2700	2400	5100
-246.501	105.953	-246.499	106.757	2260	2160	4420
-246.501	106.053	-246.500	106.755	2360	2370	4730
-246.501	106.153	-246.503	106.758	2760	2280	5040
-246.501	106.253	-246.506	106.760	2430	2160	4590
-246.501	106.353	-246.506	106.755	2390	2580	4970
-246.501	106.453	-246.500	106.759	2510	2240	4750
-246.501	106.553	-246.504	106.760	2500	2310	4810
-246.501	106.653	-246.500	106.754	2460	2540	5000
-246.501	106.753	-246.499	106.762	2250	2210	4460
-246.501	106.853	-246.502	106.754	2160	2250	4410
-246.501	106.953	-246.498	106.755	2520	2310	4830
-246.501	107.053	-246.498	106.761	2650	2440	5090
-246.501	107.153	-246.496	106.761	2540	2150	4690
-246.501	107.253	-246.502	106.760	3060	2110	5170
-246.501	107.353	-246.501	106.756	2610	2360	4970
-246.501	107.453	-246.504	106.758	2520	1970	4490
-246.501	107.553	-246.501	106.756	2780	2410	5190
-246.401	103.553	-246.399	106.760	2580	2160	4740
-246.401	103.653	-246.403	106.762	2820	2350	5170
-246.401	103.753	-246.401	106.761	2750	2220	4970
-246.401	103.853	-246.406	106.753	2550	2340	4890
-246.401	103.953	-246.401	106.758	2380	2290	4670
-246.401	104.053	-246.402	106.755	2640	2210	4850
-246.401	104.153	-246.400	106.754	2430	2020	4450
-246.401	104.253	-246.399	106.757	2270	2110	4380
-246.401	104.353	-246.398	106.757	2530	2300	4830
-246.401	104.453	-246.401	106.756	2660	2380	5040
-246.401	104.553	-246.398	106.754	2670	2320	4990
-246.401	104.653	-246.400	106.759	2650	2180	4830
-246.401	104.753	-246.401	106.761	2720	2740	5460
-246.401	104.853	-246.400	106.759	2620	2400	5020
-246.401	104.953	-246.403	106.757	2590	2060	4650
-246.401	105.053	-246.401	106.754	2430	2280	4710
-246.401	105.153	-246.398	106.753	2590	2070	4660
-246.401	105.253	-246.403	106.753	2690	2190	4880
-246.401	105.353	-246.404	106.760	2370	2150	4520
-246.401	105.453	-246.402	106.756	2550	2030	4580
-246.401	105.553	-246.400	106.758	2630	2200	4830
-246.401	105.653	-246.404	106.759	2510	2320	4830
-246.401	105.753	-246.404	106.754	2570	1900	4470
-246.401	105.853	-246.397	106.755	2620	2320	4940
-246.401	105.953	-246.402	106.757	2500	2150	4650
-246.401	106.053	-246.398	106.758	2370	2570	4940
-246.401	106.153	-246.399	106.753	2460	2260	4720
-246.401	106.253	-246.402	106.757	2840	2420	5260
-246.401	106.353	-246.398	106.756	2650	2260	4910
-246.401	106.453	-246.399	106.755	2730	2410	5140
-246.401	106.553	-246.395	106.758	2630	1950	4580
-246.401	106.653	-246.398	106.763	2860	2100	4960
-246.401	106.753	-246.399	106.754	2590	2240	4830
-246.401	106.853	-246.404	106.760	2640	1900	4540
-246.401	106.953	-246.404	106.756	2330	2560	4890
-246.401	107.053	-246.403	106.753	2670	2240	4910
-246.401	107.153	-246.401	106.762	2530	2270	4800
-246.401	107.253	-246.403	106.758	2460	2070	4530
-246.401	107.353	-246.403	106.761	2550	2450	5000
-246.401	107.453	-246.402	106.758	2630	2080	4710
-246.401	107.553	-246.398	106.760	2460	2210	4670
-246.301	103.553	-246.304	106.754	2310	2350	4660
-246.301	103.653	-246.302	106.753	2530	2290	4820
-246.301	103.753	-246.302	106.756	2590	2100	4690
-246.301	103.853	-246.299	106.759	2670	2240	4910
-246.301	103.953	-246.300	106.759	2510	2060	4570
-246.301	104.053	-246.305	106.761	2510	2170	4680
-246.301	104.153	-246.306	106.758	2430	2240	4670
-246.301	104.253	-246.302	106.757	2450	2210	4660
-246.301	104.353	-246.302	106.757	2360	2330	4690
-246.301	104.453	-246.299	106.752	2650	2110	4760
-246.301	104.553	-246.302	106.755	2390	2190	4580
-246.301	104.653	-246.296	106.758	2420	2310	4730
-246.301	104.753	-246.298	106.762	2850	2050	4900
-246.301	104.853	-246.303	106.754	2660	2470	5130
-246.301	104.953	-246.301	106.762	2400	2090	4490
-246.301	105.053	-246.304	106.761	2450	2510	4960
-246.301	105.153	-246.298	106.759	2490	2240	4730
-246.301	105.253	-246.300	106.757	2640	2250	4890
-246.301	105.353	-246.300	106.754	2640	2340	4980
-246.301	105.453	-246.302	106.757	2490	2180	4670
-246.301	105.553	-246.300	106.762	2670	2220	4890
-246.301	105.653	-246.299	106.759	2420	2340	4760
-246.301	105.753	-246.301	106.761	2340	2260	4600
-246.301	105.853	-246.300	106.759	2850	2300	5150
-246.301	105.953	-246.305	106.760	2720	2440	5160
-246.301	106.053	-246.300	106.758	2500	2240	4740
-246.301	106.153	-246.297	106.755	2460	2020	4480
-246.301	106.253	-246.298	106.756	2720	2130	4850
-246.301	106.353	-246.301	106.757	2500	2500	5000
-246.301	106.453	-246.299	106.757	2520	2330	4850
-246.301	106.553	-246.303	106.760	2780	2230	5010
-246.301	106.653	-246.302	106.763	2430	2280	4710
-246.301	106.753	-246.297	106.757	2760	2220	4980
-246.301	106.853	-246.301	106.759	2440	2350	4790
-246.301	106.953	-246.299	106.755	2530	2510	5040
-246.301	107.053	-246.299	106.758	2540	2100	4640
-246.301	107.153	-246.305	106.756	2590	1930	4520
-246.301	107.253	-246.300	106.759	2350	2320	4670
-246.301	107.353	-246.296	106.759	2710	2380	5090
-246.301	107.453	-246.301	106.759	2650	1990	4640
-246.301	107.553	-246.305	106.756	2580	2120	4700
-246.201	103.553	-246.202	106.759	2380	2150	4530
-246.201	103.653	-246.202	106.760	2420	2340	4760
-246.201	103.753	-246.195	106.756	2520	2480	5000
-246.201	103.853	-246.203	106.756	2680	2400	5080
-246.201	103.953	-246.203	106.752	2530	2270	4800
-246.201	104.053	-246.200	106.756	2490	2230	4720
-246.201	104.153	-246.201	106.755	2680	2140	4820
-246.201	104.253	-246.203	106.757	2890	2080	4970
-246.201	104.353	-246.202	106.755	2380	2120	4500
-246.201	104.453	-246.203	106.758	2480	2260	4740
-246.201	104.553	-246.195	106.758	2510	2560	5070
-246.201	104.653	-246.202	106.763	2680	2090	4770
-246.201	104.753	-246.202	106.760	2370	2250	4620
-246.201	104.853	-246.199	106.757	2630	2180	4810
-246.201	104.953	-246.201	106.757	2400	2210	4610
-246.201	105.053	-246.198	106.760	2620	2120	4740
-246.201	105.153	-246.201	106.755	2370	2180	4550
-246.201	105.253	-246.202	106.753	2390	2650	5040
-246.201	105.353	-246.200	106.760	2460	2260	4720
-246.201	105.453	-246.204	106.759	2440	2190	4630
-246.201	105.553	-246.201	106.763	2690	2150	4840
-246.201	105.653	-246.200	106.759	2450	2400	4850
-246.201	105.753	-246.197	106.762	2320	2430	4750
-246.201	105.853	-246.201	106.754	2590	2390	4980
-246.201	105.953	-246.201	106.759	2500	2160	4660
-246.201	106.053	-246.201	106.752	2380	2510	4890
-246.201	106.153	-246.200	106.759	2170	2110	4280
-246.201	106.253	-246.199	106.760	2470	2120	4590
-246.201	106.353	-246.203	106.758	2590	2290	4880
-246.201	106.453	-246.205	106.759	2470	1990	4460
-246.201	106.553	-246.196	106.759	2280	2210	4490
-246.201	106.653	-246.200	106.762	2600	1960	4560
-246.201	106.753	-246.199	106.763	2160	2240	4400
-246.201	106.853	-246.197	106.753	2370	2160	4530
-246.201	106.953	-246.202	106.758	2710	2270	4980
-246.201	107.053	-246.200	106.760	2530	2220	4750
-246.201	107.153	-246.199	106.762	2550	2090	4640
-246.201	107.253	-246.204	106.761	2390	2200	4590
-246.201	107.353	-246.200	106.762	2380	2160	4540
-246.201	107.453	-246.195	106.757	2640	2040	4680
-246.201	107.553	-246.201	106.760	2630	2210	4840
-246.101	103.553	-246.105	106.758	2460	2170	4630
-246.101	103.653	-246.103	106.756	2700	2400	5100
-246.101	103.753	-246.104	106.758	2530	2300	4830
-246.101	103.853	-246.103	106.759	2560	2220	4780
-246.101	103.953	-246.102	106.761	2700	2220	4920
-246.101	104.053	-246.100	106.754	2580	2160	4740
-246.101	104.153	-246.102	106.760	2640	2360	5000
-246.101	104.253	-246.100	106.758	2390	2120	4510
-246.101	104.353	-246.098	106.758	2830	2520	5350
-246.101	104.453	-246.097	106.759	2570	1850	4420
-246.101	104.553	-246.102	106.762	2360	2260	4620
-246.101	104.653	-246.102	106.758	2420	2130	4550
-246.101	104.753	-246.107	106.761	2680	2070	4750
-246.101	104.853	-246.102	106.759	2540	2180	4720
-246.101	104.953	-246.104	106.761	2540	2030	4570
-246.101	105.053	-246.099	106.758	2480	2050	4530
-246.101	105.153	-246.103	106.757	2760	1960	4720
-246.101	105.253	-246.103	106.763	2620	1950	4570
-246.101	105.353	-246.100	106.759	2570	2090	4660
-246.101	105.453	-246.100	106.759	2670	1990	4660
-246.101	105.553	-246.102	106.760	2550	2100	4650
-246.101	105.653	-246.103	106.762	2500	2040	4540
-246.101	105.753	-246.101	106.761	2390	2420	4810
-246.101	105.853	-246.100	106.765	2400	2290	4690
-246.101	105.953	-246.105	106.758	2560	2230	4790
-246.101	106.053	-246.101	106.761	2590	2160	4750
-246.101	106.153	-246.106	106.755	2490	2430	4920
-246.101	106.253	-246.105	106.761	2510	2290	4800
-246.101	106.353	-246.100	106.756	2580	2650	5230
-246.101	106.453	-246.097	106.763	2460	2330	4790
-246.101	106.553	-246.101	106.760	2720	2360	5080
-246.101	106.653	-246.104	106.759	2390	1980	4370
-246.101	106.753	-246.100	106.762	2690	2240	4930
-246.101	106.853	-246.099	106.755	2440	2130	4570
-246.101	106.953	-246.102	106.759	2700	2270	4970
-246.101	107.053	-246.101	106.757	2560	2090	4650
-246.101	107.153	-246.104	106.764	2540	2060	4600
-246.101	107.253	-246.104	106.762	2710	2280	4990
-246.101	107.353	-246.099	106.756	2370	2370	4740
-246.101	107.453	-246.105	106.755	2400	1990	4390
-246.101	107.553	-246.100	106.757	2410	2040	4450
-246.001	103.553	-246.004	106.754	2510	2270	4780
-246.001	103.653	-245.997	106.756	2380	2210	4590
-246.001	103.753	-246.004	106.757	2530	2260	4790
-246.001	103.853	-246.000	106.759	2540	2250	4790
-246.001	103.953	-246.002	106.755	2590	2340	4930
-246.001	104.053	-246.003	106.760	2160	2220	4380
-246.001	104.153	-246.003	106.756	2340	2220	4560
-246.001	104.253	-245.999	106.759	2430	2040	4470
-246.001	104.353	-246.001	106.756	2530	2380	4910
-246.001	104.453	-246.001	106.756	2740	2170	4910
-246.001	104.553	-246.002	106.760	2360	2270	4630
-246.001	104.653	-246.004	106.759	2690	2540	5230
-246.001	104.753	-245.999	106.755	2500	2120	4620
-246.001	104.853	-245.998	106.755	2760	2110	4870
-246.001	104.953	-246.001	106.755	2250	2280	4530
-246.001	105.053	-245.999	106.753	2580	2290	4870
-246.001	105.153	-246.001	106.755	2630	2420	5050
-246.001	105.253	-245.998	106.752	2580	2320	4900
-246.001	105.353	-245.999	106.755	2610	2390	5000
-246.001	105.453	-246.001	106.761	2250	2040	4290
-246.001	105.553	-245.998	106.761	2620	2560	5180
-246.001	105.653	-245.995	106.755	2720	2310	5030
-246.001	105.753	-246.003	106.758	2610	2330	4940
-246.001	105.853	-246.006	106.755	2700	2240	4940
-246.001	105.953	-246.001	106.757	2700	2090	4790
-246.001	106.053	-246.004	106.755	2460	2410	4870
-246.001	106.153	-246.003	106.751	2840	2360	5200
-246.001	106.253	-246.002	106.751	2170	2210	4380
-246.001	106.353	-245.995	106.756	2230	2780	5010
-246.001	106.453	-246.000	106.758	2410	2360	4770
-246.001	106.553	-245.995	106.756	2510	2250	4760
-246.001	106.653	-246.002	106.759	2510	2310	4820
-246.001	106.753	-246.001	106.758	2830	2320	5150
-246.001	106.853	-245.997	106.766	2530	2110	4640
-246.001	106.953	-246.002	106.761	2660	2100	4760
-246.001	107.053	-245.996	106.757	2170	2230	4400
-246.001	107.153	-246.002	106.757	2350	2150	4500
-246.001	107.253	-246.004	106.755	2490	2190	4680
-246.001	107.353	-246.001	106.757	2310	2190	4500
-246.001	107.453	-246.000	106.756	2580	2290	4870
-246.001	107.553	-245.995	106.756	2420	2190	4610
-245.901	103.553	-245.900	106.758	2520	2220	4740
-245.901	103.653	-245.897	106.759	2000	2250	4250
-245.901	103.753	-245.900	106.755	2480	2280	4760
-245.901	103.853	-245.899	106.756	2340	1940	4280
-245.901	103.953	-245.901	106.760	2500	2150	4650
-245.901	104.053	-245.899	106.761	2820	2070	4890
-245.901	104.153	-245.905	106.755	2460	2340	4800
-245.901	104.253	-245.898	106.758	2640	2300	4940
-245.901	104.353	-245.899	106.760	2610	2040	4650
-245.901	104.453	-245.903	106.761	2740	2230	4970
-245.901	104.553	-245.899	106.758	2560	2020	4580
-245.901	104.653	-245.900	106.756	2730	2100	4830
-245.901	104.753	-245.900	106.760	2620	2360	4980
-245.901	104.853	-245.902	106.759	2440	2050	4490
-245.901	104.953	-245.903	106.753	2590	2230	4820
-245.901	105.053	-245.899	106.761	2410	2200	4610
-245.901	105.153	-245.899	106.763	2510	2290	4800
-245.901	105.253	-245.902	106.755	2440	2160	4600
-245.901	105.353	-245.898	106.753	2510	2360	4870
-245.901	105.453	-245.904	106.754	2670	2140	4810
-245.901	105.553	-245.901	106.752	2410	1990	4400
-245.901	105.653	-245.907	106.755	2570	2080	4650
-245.901	105.753	-245.900	106.759	2350	2280	4630
-245.901	105.853	-245.902	106.761	2480	2110	4590
-245.901	105.953	-245.901	106.762	2650	1930	4580
-245.901	106.053	-245.903	106.759	2480	2430	4910
-245.901	106.153	-245.896	106.757	2620	2430	5050
-245.901	106.253	-245.900	106.759	2330	2060	4390
-245.901	106.353	-245.904	106.755	2560	2200	4760
-245.901	106.453	-245.899	106.759	2260	2260	4520
-245.901	106.553	-245.899	106.756	2680	2280	4960
-245.901	106.653	-245.895	106.759	2510	1710	4220
-245.901	106.753	-245.901	106.754	2480	2210	4690
-245.901	106.853	-245.899	106.756	2410	2110	4520
-245.901	106.953	-245.897	106.757	2220	2090	4310
-245.901	107.053	-245.900	106.756	2510	2360	4870
-245.901	107.153	-245.901	106.757	2700	2020	4720
-245.901	107.253	-245.900	106.756	2280	2290	4570
-245.901	107.353	-245.901	106.754	2280	2270	4550
-245.901	107.453	-245.902	106.757	2460	2120	4580
-245.901	107.553	-245.900	106.760	2370	2320	4690
-245.801	103.553	-245.801	106.763	2580	2150	4730
-245.801	103.653	-245.803	106.762	2630	2280	4910
-245.801	103.753	-245.804	106.760	2660	1890	4550
-245.801	103.853	-245.802	106.757	2490	2240	4730
-245.801	103.953	-245.800	106.755	2710	1990	4700
-245.801	104.053	-245.803	106.754	2630	1930	4560
-245.801	104.153	-245.801	106.757	2460	2330	4790
-245.801	104.253	-245.800	106.757	2660	2410	5070
-245.801	104.353	-245.800	106.757	2460	2320	4780
-245.801	104.453	-245.802	106.760	2690	2270	4960
-245.801	104.553	-245.803	106.760	2260	2150	4410
-245.801	104.653	-245.801	106.760	2550	2300	4850
-245.801	104.753	-245.797	106.757	2540	2290	4830
-245.801	104.853	-245.799	106.757	2490	1960	4450
-245.801	104.953	-245.800	106.758	2350	2010	4360
-245.801	105.053	-245.800	106.758	2420	2210	4630
-245.801	105.153	-245.803	106.764	2430	2180	4610
-245.801	105.253	-245.799	106.761	2570	1820	4390
-245.801	105.353	-245.799	106.760	2330	2140	4470
-245.801	105.453	-245.800	106.759	2530	2040	4570
-245.801	105.553	-245.802	106.754	2550	2330	4880
-245.801	105.653	-245.804	106.764	2570	2190	4760
-245.801	105.753	-245.798	106.755	2380	2340	4720
-245.801	105.853	-245.800	106.759	2510	2330	4840
-245.801	105.953	-245.801	106.763	2530	2410	4940
-245.801	106.053	-245.805	106.755	2490	2020	4510
-245.801	106.153	-245.803	106.760	2720	2280	5000
-245.801	106.253	-245.802	106.760	2600	2290	4890
-245.801	106.353	-245.799	106.758	2610	2260	4870
-245.801	106.453	-245.799	106.758	2640	2240	4880
-245.801	106.553	-245.804	106.759	2510	2330	4840
-245.801	106.653	-245.796	106.753	2500	2210	4710
-245.801	106.753	-245.801	106.754	2460	2130	4590
-245.801	106.853	-245.809	106.755	2490	2070	4560
-245.801	106.953	-245.804	106.763	2750	1850	4600
-245.801	107.053	-245.803	106.758	2450	2220	4670
-245.801	107.153	-245.803	106.760	2420	2320	4740
-245.801	107.253	-245.805	106.761	2640	2020	4660
-245.801	107.353	-245.802	106.761	2410	2060	4470
-245.801	107.453	-245.806	106.756	2600	2280	4880
-245.801	107.553	-245.798	106.762	2230	2150	4380
-245.701	103.553	-245.702	106.754	2360	2120	4480
-245.701	103.653	-245.698	106.762	2340	2330	4670
-245.701	103.753	-245.703	106.755	2440	2160	4600
-245.701	103.853	-245.696	106.757	2380	2310	4690
-245.701	103.953	-245.702	106.760	2540	2230	4770
-245.701	104.053	-245.699	106.757	2690	2200	4890
-245.701	104.153	-245.701	106.764	2780	1980	4760
-245.701	104.253	-245.705	106.757	2390	2390	4780
-245.701	104.353	-245.700	106.763	2520	1940	4460
-245.701	104.453	-245.700	106.763	2310	2300	4610
-245.701	104.553	-245.700	106.757	2420	2030	4450
-245.701	104.653	-245.700	106.760	2320	2330	4650
-245.701	104.753	-245.703	106.764	2710	2300	5010
-245.701	104.853	-245.700	106.758	2680	2090	4770
-245.701	104.953	-245.704	106.756	2660	2420	5080
-245.701	105.053	-245.700	106.762	2460	2500	4960
-245.701	105.153	-245.703	106.760	2540	2250	4790
-245.701	105.253	-245.701	106.759	2260	2270	4530
-245.701	105.353	-245.701	106.758	2320	2250	4570
-245.701	105.453	-245.700	106.763	2210	2040	4250
-245.701	105.553	-245.698	106.764	2820	2120	4940
-245.701	105.653	-245.701	106.764	2740	2200	4940
-245.701	105.753	-245.701	106.764	2570	2470	5040
-245.701	105.853	-245.699	106.755	2640	2310	4950
-245.701	105.953	-245.705	106.758	2290	2060	4350
-245.701	106.053	-245.703	106.760	2340	2440	4780
-245.701	106.153	-245.700	106.759	2300	1980	4280
-245.701	106.253	-245.697	106.756	2250	2070	4320
-245.701	106.353	-245.698	106.758	2290	2290	4580
-245.701	106.453	-245.702	106.761	2270	2120	4390
-245.701	106.553	-245.700	106.757	2540	2310	4850
-245.701	106.653	-245.701	106.759	2530	2090	4620
-245.701	106.753	-245.701	106.759	2650	2210	4860
-245.701	106.853	-245.699	106.757	2380	2070	4450
-245.701	106.953	-245.699	106.755	2550	2470	5020
-245.701	107.053	-245.701	106.757	2460	2200	4660
-245.701	107.153	-245.700	106.760	2630	2350	4980
-245.701	107.253	-245.700	106.755	2720	2410	5130
-245.701	107.353	-245.699	106.756	2470	1940	4410
-245.701	107.453	-245.697	106.764	2110	1990	4100
-245.701	107.553	-245.699	106.755	2510	2070	4580
-245.601	103.553	-245.611	106.761	2860	2250	5110
-245.601	103.653	-245.598	106.757	2460	2150	4610
-245.601	103.753	-245.600	106.762	2470	2550	5020
-245.601	103.853	-245.598	106.760	2540	2270	4810
-245.601	103.953	-245.600	106.763	2310	1930	4240
-245.601	104.053	-245.601	106.761	2500	2180	4680
-245.601	104.153	-245.604	106.756	2550	2280	4830
-245.601	104.253	-245.599	106.761	2550	2160	4710
-245.601	104.353	-245.601	106.759	2780	2190	4970
-245.601	104.453	-245.604	106.749	2540	2470	5010
-245.601	104.553	-245.598	106.756	2470	2250	4720
-245.601	104.653	-245.597	106.761	2400	1930	4330
-245.601	104.753	-245.605	106.756	2310	1970	4280
-245.601	104.853	-245.603	106.763	2440	2140	4580
-245.601	104.953	-245.599	106.759	2700	2260	4960
-245.601	105.053	-245.603	106.755	2660	2330	4990
-245.601	105.153	-245.603	106.758	2430	2100	4530
-245.601	105.253	-245.600	106.759	2320	2400	4720
-245.601	105.353	-245.605	106.762	2540	2250	4790
-245.601	105.453	-245.599	106.762	2420	2240	4660
-245.601	105.553	-245.601	106.763	2440	2300	4740
-245.601	105.653	-245.601	106.758	2120	2200	4320
-245.601	105.753	-245.598	106.763	2350	2160	4510
-245.601	105.853	-245.601	106.763	2460	2260	4720
-245.601	105.953	-245.598	106.760	2600	2090	4690
-245.601	106.053	-245.604	106.764	2390	2110	4500
-245.601	106.153	-245.601	106.756	2330	2240	4570
-245.601	106.253	-245.602	106.763	2280	2310	4590
-245.601	106.353	-245.598	106.759	2410	2300	4710
-245.601	106.453	-245.601	106.759	2560	2320	4880
-245.601	106.553	-245.603	106.759	2170	2380	4550
-245.601	106.653	-245.600	106.757	2430	2130	4560
-245.601	106.753	-245.604	106.758	2590	2090	4680
-245.601	106.853	-245.601	106.757	2390	2300	4690
-245.601	106.953	-245.601	106.758	2530	2200	4730
-245.601	107.053	-245.599	106.754	2520	2250	4770
-245.601	107.153	-245.603	106.758	2480	2430	4910
-245.601	107.253	-245.600	106.758	2350	2350	4700
-245.601	107.353	-245.603	106.760	2440	2080	4520
-245.601	107.453	-245.604	106.761	2450	2190	4640
-245.601	107.553	-245.601	106.762	2400	2060	4460
-245.501	103.553	-245.500	106.752	2470	2210	4680
-245.501	103.653	-245.502	106.762	2480	2630	5110
-245.501	103.753	-245.502	106.755	2550	2150	4700
-245.501	103.853	-245.503	106.763	2650	2230	4880
-245.501	103.953	-245.506	106.760	2340	2090	4430
-245.501	104.053	-245.504	106.764	2530	2270	4800
-245.501	104.153	-245.500	106.755	2290	2480	4770
-245.501	104.253	-245.497	106.760	2240	2250	4490
-245.501	104.353	-245.501	106.762	2650	2290	4940
-245.501	104.453	-245.501	106.756	2860	2280	5140
-245.501	104.553	-245.502	106.759	2660	2030	4690
-245.501	104.653	-245.505	106.760	2730	2460	5190
-245.501	104.753	-245.502	106.759	2360	2320	4680
-245.501	104.853	-245.500	106.758	2260	2500	4760
-245.501	104.953	-245.502	106.757	2500	2060	4560
-245.501	105.053	-245.501	106.757	2510	2060	4570
-245.501	105.153	-245.508	106.760	2500	2370	4870
-245.501	105.253	-245.500	106.757	2620	2160	4780
-245.501	105.353	-245.498	106.756	2680	2130	4810
-245.501	105.453	-245.502	106.757	2190	2550	4740
-245.501	105.553	-245.501	106.763	2300	2250	4550
-245.501	105.653	-245.497	106.756	2550	2240	4790
-245.501	105.753	-245.506	106.755	2550	2270	4820
-245.501	105.853	-245.498	106.756	2240	2370	4610
-245.501	105.953	-245.503	106.755	2500	2430	4930
-245.501	106.053	-245.498	106.754	2470	1990	4460
-245.501	106.153	-245.499	106.759	2570	2160	4730
-245.501	106.253	-245.500	106.759	2630	2480	5110
-245.501	106.353	-245.500	106.757	2610	2310	4920
-245.501	106.453	-245.496	106.757	2480	1990	4470
-245.501	106.553	-245.501	106.761	2590	2410	5000
-245.501	106.653	-245.505	106.755	2390	2210	4600
-245.501	106.753	-245.501	106.756	2440	2530	4970
-245.501	106.853	-245.499	106.760	2950	2000	4950
-245.501	106.953	-245.501	106.758	2650	2250	4900
-245.501	107.053	-245.505	106.757	2430	2310	4740
-245.501	107.153	-245.504	106.762	2280	2300	4580
-245.501	107.253	-245.502	106.762	2430	2260	4690
-245.501	107.353	-245.500	106.760	2460	2340	4800
-245.501	107.453	-245.501	106.757	2220	2550	4770
-245.501	107.553	-245.503	106.761	2630	2220	4850
-245.401	103.553	-245.401	106.757	2520	2520	5040
-245.401	103.653	-245.403	106.756	2560	2080	4640
-245.401	103.753	-245.401	106.760	2460	2310	4770
-245.401	103.853	-245.397	106.763	2500	2360	4860
-245.401	103.953	-245.409	106.760	2510	2220	4730
-245.401	104.053	-245.402	106.761	2410	2090	4500
-245.401	104.153	-245.404	106.762	2640	2150	4790
-245.401	104.253	-245.401	106.756	2580	2010	4590
-245.401	104.353	-245.402	106.758	2680	1940	4620
-245.401	104.453	-245.400	106.762	2350	2140	4490
-245.401	104.553	-245.397	106.760	2500	2260	4760
-245.401	104.653	-245.406	106.761	2500	2250	4750
-245.401	104.753	-245.402	106.761	2910	2460	5370
-245.401	104.853	-245.401	106.752	2670	2360	5030
-245.401	104.953	-245.400	106.755	2270	2020	4290
-245.401	105.053	-245.400	106.760	2530	2320	4850
-245.401	105.153	-245.400	106.758	2570	2240	4810
-245.401	105.253	-245.403	106.761	2620	2150	4770
-245.401	105.353	-245.402	106.763	2210	2160	4370
-245.401	105.453	-245.402	106.759	2660	2060	4720
-245.401	105.553	-245.400	106.761	2250	2070	4320
-245.401	105.653	-245.402	106.757	2560	2070	4630
-245.401	105.753	-245.402	106.759	2840	2000	4840
-245.401	105.853	-245.400	106.760	2790	2060	4850
-245.401	105.953	-245.405	106.758	2620	2080	4700
-245.401	106.053	-245.405	106.759	2510	2370	4880
-245.401	106.153	-245.407	106.759	2590	2340	4930
-245.401	106.253	-245.402	106.757	2620	2130	4750
-245.401	106.353	-245.400	106.759	2430	2020	4450
-245.401	106.453	-245.404	106.755	2680	2640	5320
-245.401	106.553	-245.401	106.755	2320	2340	4660
-245.401	106.653	-245.404	106.761	2270	2480	4750
-245.401	106.753	-245.398	106.761	2790	2310	5100
-245.401	106.853	-245.400	106.764	2370	2080	4450
-245.401	106.953	-245.401	106.754	2660	2230	4890
-245.401	107.053	-245.398	106.765	2560	2190	4750
-245.401	107.153	-245.402	106.756	2440	2190	4630
-245.401	107.253	-245.400	106.762	2370	2470	4840
-245.401	107.353	-245.403	106.757	2340	2020	4360
-245.401	107.453	-245.404	106.757	2330	2210	4540
-245.401	107.553	-245.399	106.755	2670	2280	4950
-245.301	103.553	-245.303	106.762	2280	2040	4320
-245.301	103.653	-245.298	106.757	2430	1940	4370
-245.301	103.753	-245.302	106.762	2220	1950	4170
-245.301	103.853	-245.299	106.760	2750	2100	4850
-245.301	103.953	-245.303	106.760	2620	1970	4590
-245.301	104.053	-245.301	106.758	2670	2210	4880
-245.301	104.153	-245.302	106.767	2410	2220	4630
-245.301	104.253	-245.301	106.759	2430	2080	4510
-245.301	104.353	-245.295	106.757	2590	2120	4710
-245.301	104.453	-245.299	106.761	2380	2280	4660
-245.301	104.553	-245.302	106.761	2300	2010	4310
-245.301	104.653	-245.302	106.759	2420	1950	4370
-245.301	104.753	-245.303	106.759	2430	2300	4730
-245.301	104.853	-245.304	106.756	2370	2100	4470
-245.301	104.953	-245.303	106.755	2480	2100	4580
-245.301	105.053	-245.302	106.757	2280	2060	4340
-245.301	105.153	-245.303	106.760	2410	2030	4440
-245.301	105.253	-245.304	106.761	2370	2050	4420
-245.301	105.353	-245.299	106.758	2320	2310	4630
-245.301	105.453	-245.300	106.758	2640	2190	4830
-245.301	105.553	-245.301	106.763	2630	2160	4790
-245.301	105.653	-245.299	106.755	2720	2510	5230
-245.301	105.753	-245.298	106.757	2560	2460	5020
-245.301	105.853	-245.300	106.755	2340	2120	4460
-245.301	105.953	-245.299	106.761	2340	2200	4540
-245.301	106.053	-245.300	106.761	2410	2170	4580
-245.301	106.153	-245.302	106.755	2470	2030	4500
-245.301	106.253	-245.299	106.759	2520	2140	4660
-245.301	106.353	-245.305	106.760	2470	2230	4700
-245.301	106.453	-245.299	106.757	2280	1840	4120
-245.301	106.553	-245.300	106.761	2420	2090	4510
-245.301	106.653	-245.304	106.757	2550	2070	4620
-245.301	106.753	-245.301	106.761	2210	2400	4610
-245.301	106.853	-245.299	106.758	2370	2210	4580
-245.301	106.953	-245.302	106.758	2520	2220	4740
-245.301	107.053	-245.300	106.761	2660	2170	4830
-245.301	107.153	-245.301	106.760	2250	2050	4300
-245.301	107.253	-245.302	106.758	2620	2300	4920
-245.301	107.353	-245.302	106.761	2500	2000	4500
-245.301	107.453	-245.301	106.757	2240	2200	4440
-245.301	107.553	-245.304	106.763	2170	2060	4230
-245.201	103.553	-245.201	106.759	2280	2280	4560
-245.201	103.653	-245.201	106.762	2220	2260	4480
-245.201	103.753	-245.198	106.759	2470	2330	4800
-245.201	103.853	-245.201	106.757	2650	2060	4710
-245.201	103.953	-245.198	106.764	2410	2340	4750
-245.201	104.053	-245.200	106.758	2620	2190	4810
-245.201	104.153	-245.204	106.755	2480	2210	4690
-245.201	104.253	-245.198	106.765	2900	2280	5180
-245.201	104.353	-245.198	106.760	2560	2050	4610
-245.201	104.453	-245.199	106.759	2670	2240	4910
-245.201	104.553	-245.204	106.764	2250	2250	4500
-245.201	104.653	-245.204	106.759	2620	2310	4930
-245.201	104.753	-245.195	106.756	2790	2190	4980
-245.201	104.853	-245.203	106.761	2450	2250	4700
-245.201	104.953	-245.197	106.755	2600	1810	4410
-245.201	105.053	-245.199	106.757	2620	2360	4980
-245.201	105.153	-245.205	106.757	2520	2150	4670
-245.201	105.253	-245.203	106.757	2160	1910	4070
-245.201	105.353	-245.206	106.762	2300	2250	4550
-245.201	105.453	-245.199	106.762	2630	2120	4750
-245.201	105.553	-245.202	106.760	2380	2260	4640
-245.201	105.653	-245.201	106.762	2400	2060	4460
-245.201	105.753	-245.202	106.759	2450	2520	4970
-245.201	105.853	-245.204	106.761	2230	2140	4370
-245.201	105.953	-245.197	106.767	2240	2200	4440
-245.201	106.053	-245.202	106.756	2470	2320	4790
-245.201	106.153	-245.202	106.757	2440	2210	4650
-245.201	106.253	-245.197	106.764	2290	2200	4490
-245.201	106.353	-245.203	106.759	2430	2260	4690
-245.201	106.453	-245.201	106.760	2430	2190	4620
-245.201	106.553	-245.200	106.762	2360	2010	4370
-245.201	106.653	-245.199	106.763	2180	2200	4380
-245.201	106.753	-245.202	106.759	2440	2230	4670
-245.201	106.853	-245.199	106.756	2370	2400	4770
-245.201	106.953	-245.199	106.762	2600	2320	4920
-245.201	107.053	-245.194	106.766	2530	2270	4800
-245.201	107.153	-245.200	106.759	2390	2210	4600
-245.201	107.253	-245.196	106.762	2160	2280	4440
-245.201	107.353	-245.207	106.761	2440	2170	4610
-245.201	107.453	-245.208	106.756	2220	2100	4320
-245.201	107.553	-245.201	106.759	2350	2180	4530
-245.101	103.553	-245.100	106.758	2050	1970	4020
-245.101	103.653	-245.101	106.754	2350	2220	4570
-245.101	103.753	-245.103	106.765	2340	2000	4340
-245.101	103.853	-245.107	106.760	2290	2070	4360
-245.101	103.953	-245.101	106.759	2330	2180	4510
-245.101	104.053	-245.099	106.757	2580	2020	4600
-245.101	104.153	-245.099	106.756	2640	1800	4440
-245.101	104.253	-245.103	106.754	2770	2160	4930
-245.101	104.353	-245.100	106.760	2480	1900	4380
-245.101	104.453	-245.101	106.762	2480	2010	4490
-245.101	104.553	-245.103	106.758	2610	2150	4760
-245.101	104.653	-245.105	106.762	2690	2100	4790
-245.101	104.753	-245.101	106.757	2330	2150	4480
-245.101	104.853	-245.096	106.760	2360	2290	4650
-245.101	104.953	-245.094	106.762	2610	2020	4630
-245.101	105.053	-245.102	106.759	2630	2210	4840
-245.101	105.153	-245.099	106.757	2370	2190	4560
-245.101	105.253	-245.102	106.758	2160	1990	4150
-245.101	105.353	-245.100	106.762	1910	1910	3820
-245.101	105.453	-245.106	106.764	2350	1950	4300
-245.101	105.553	-245.098	106.760	2400	2130	4530
-245.101	105.653	-245.108	106.757	2450	2250	4700
-245.101	105.753	-245.106	106.753	2500	2110	4610
-245.101	105.853	-245.104	106.759	2310	2290	4600
-245.101	105.953	-245.102	106.758	2500	2180	4680
-245.101	106.053	-245.102	106.759	2240	2010	4250
-245.101	106.153	-245.102	106.759	2730	2250	4980
-245.101	106.253	-245.102	106.761	2750	2360	5110
-245.101	106.353	-245.098	106.757	2640	2320	4960
-245.101	106.453	-245.105	106.760	2330	1950	4280
-245.101	106.553	-245.101	106.759	2610	2380	4990
-245.101	106.653	-245.101	106.758	2390	2440	4830
-245.101	106.753	-245.099	106.760	2570	2140	4710
-245.101	106.853	-245.095	106.763	2390	2220	4610
-245.101	106.953	-245.100	106.757	2100	2060	4160
-245.101	107.053	-245.098	106.761	2290	2120	4410
-245.101	107.153	-245.100	106.758	2550	2300	4850
-245.101	107.253	-245.101	106.760	2250	2200	4450
-245.101	107.353	-245.102	106.753	2550	2390	4940
-245.101	107.453	-245.102	106.760	2560	2130	4690
-245.101	107.553	-245.101	106.759	2620	2230	4850
-245.001	103.553	-245.002	106.760	2490	2040	4530
-245.001	103.653	-245.000	106.767	2660	2010	4670
-245.001	103.753	-245.001	106.763	2450	2190	4640
-245.001	103.853	-245.000	106.761	2310	2210	4520
-245.001	103.953	-244.995	106.761	2280	2260	4540
-245.001	104.053	-245.003	106.764	2470	2330	4800
-245.001	104.153	-245.005	106.758	2670	2020	4690
-245.001	104.253	-245.002	106.760	2390	2330	4720
-245.001	104.353	-245.005	106.759	2320	2000	4320
-245.001	104.453	-244.998	106.759	2490	2180	4670
-245.001	104.553	-245.002	106.761	2270	2220	4490
-245.001	104.653	-245.004	106.764	2450	2020	4470
-245.001	104.753	-245.004	106.759	2130	2130	4260
-245.001	104.853	-244.998	106.759	2310	2290	4600
-245.001	104.953	-245.004	106.756	2430	2380	4810
-245.001	105.053	-245.000	106.765	2380	2120	4500
-245.001	105.153	-244.998	106.763	2580	1740	4320
-245.001	105.253	-245.000	106.761	2180	2030	4210
-245.001	105.353	-245.007	106.760	2490	2070	4560
-245.001	105.453	-245.001	106.758	2230	2100	4330
-245.001	105.553	-245.002	106.759	2200	2150	4350
-245.001	105.653	-245.000	106.763	2600	2370	4970
-245.001	105.753	-245.003	106.760	2450	2100	4550
-245.001	105.853	-245.004	106.759	2410	2050	4460
-245.001	105.953	-244.998	106.763	2240	1970	4210
-245.001	106.053	-245.005	106.769	2550	2240	4790
-245.001	106.153	-245.001	106.758	2570	2170	4740
-245.001	106.253	-245.003	106.755	2200	1930	4130
-245.001	106.353	-245.007	106.762	2730	2140	4870
-245.001	106.453	-245.002	106.762	2700	2440	5140
-245.001	106.553	-245.005	106.762	2760	2080	4840
-245.001	106.653	-245.002	106.757	2550	2090	4640
-245.001	106.753	-245.002	106.764	2340	2220	4560
-245.001	106.853	-245.002	106.759	2570	2210	4780
-245.001	106.953	-244.999	106.760	2600	1870	4470
-245.001	107.053	-244.999	106.764	2530	2000	4530
-245.001	107.153	-244.998	106.758	2270	2140	4410
-245.001	107.253	-244.997	106.761	2360	2200	4560
-245.001	107.353	-245.001	106.763	2520	2030	4550
-245.001	107.453	-245.000	106.762	2310	2080	4390
-245.001	107.553	-245.000	106.760	2500	1960	4460
-244.901	103.553	-244.899	106.759	2180	1970	4150
-244.901	103.653	-244.906	106.761	2250	1930	4180
-244.901	103.753	-244.896	106.761	2590	2050	4640
-244.901	103.853	-244.899	106.757	2330	2020	4350
-244.901	103.953	-244.897	106.761	2570	1820	4390
-244.901	104.053	-244.903	106.763	2670	2100	4770
-244.901	104.153	-244.904	106.756	2410	2010	4420
-244.901	104.253	-244.903	106.763	2520	1780	4300
-244.901	104.353	-244.897	106.762	2590	2240	4830
-244.901	104.453	-244.905	106.760	2310	2330	4640
-244.901	104.553	-244.904	106.755	2480	1750	4230
-244.901	104.653	-244.898	106.759	2650	2040	4690
-244.901	104.753	-244.898	106.760	2380	2280	4660
-244.901	104.853	-244.899	106.762	2640	2160	4800
-244.901	104.953	-244.900	106.766	2310	2090	4400
-244.901	105.053	-244.901	106.764	2670	2130	4800
-244.901	105.153	-244.903	106.761	2410	1850	4260
-244.901	105.253	-244.901	106.758	2520	2450	4970
-244.901	105.353	-244.904	106.761	2430	2130	4560
-244.901	105.453	-244.899	106.761	2400	2030	4430
-244.901	105.553	-244.898	106.762	2270	2150	4420
-244.901	105.653	-244.902	106.761	2540	2160	4700
-244.901	105.753	-244.903	106.760	2200	1990	4190
-244.901	105.853	-244.900	106.759	2310	2050	4360
-244.901	105.953	-244.901	106.761	2430	2360	4790
-244.901	106.053	-244.901	106.764	2420	2090	4510
-244.901	106.153	-244.900	106.761	2150	2390	4540
-244.901	106.253	-244.900	106.760	2420	2210	4630
-244.901	106.353	-244.901	106.758	2350	2170	4520
-244.901	106.453	-244.902	106.765	2020	2100	4120
-244.901	106.553	-244.895	106.762	2180	2470	4650
-244.901	106.653	-244.899	106.757	2500	2340	4840
-244.901	106.753	-244.899	106.759	2270	2390	4660
-244.901	106.853	-244.901	106.762	2520	2130	4650
-244.901	106.953	-244.898	106.759	2700	1960	4660
-244.901	107.053	-244.904	106.760	2780	2240	5020
-244.901	107.153	-244.900	106.761	2480	2190	4670
-244.901	107.253	-244.900	106.760	2270	2140	4410
-244.901	107.353	-244.901	106.759	2430	2020	4450
-244.901	107.453	-244.898	106.756	2070	2090	4160
-244.901	107.553	-244.903	106.757	2370	2300	4670
-244.801	103.553	-244.798	106.761	2460	2340	4800
-244.801	103.653	-244.801	106.764	2150	2180	4330
-244.801	103.753	-244.803	106.762	2240	1860	4100
-244.801	103.853	-244.801	106.769	2620	2040	4660
-244.801	103.953	-244.799	106.761	2380	2180	4560
-244.801	104.053	-244.799	106.756	2490	2200	4690
-244.801	104.153	-244.802	106.763	2640	1970	4610
-244.801	104.253	-244.804	106.758	2350	2040	4390
-244.801	104.353	-244.797	106.759	2130	2340	4470
-244.801	104.453	-244.801	106.759	2410	2230	4640
-244.801	104.553	-244.801	106.761	2380	2160	4540
-244.801	104.653	-244.803	106.759	2730	2180	4910
-244.801	104.753	-244.799	106.758	2220	1910	4130
-244.801	104.853	-244.799	106.763	2590	2150	4740
-244.801	104.953	-244.801	106.764	2490	2240	4730
-244.801	105.053	-244.800	106.768	2150	2190	4340
-244.801	105.153	-244.798	106.761	2650	2140	4790
-244.801	105.253	-244.802	106.762	2710	2160	4870
-244.801	105.353	-244.803	106.759	2610	2340	4950
-244.801	105.453	-244.804	106.764	2270	2240	4510
-244.801	105.553	-244.801	106.763	2250	2150	4400
-244.801	105.653	-244.806	106.766	2520	2510	5030
-244.801	105.753	-244.801	106.760	2360	1990	4350
-244.801	105.853	-244.798	106.761	2510	1960	4470
-244.801	105.953	-244.798	106.763	2270	2470	4740
-244.801	106.053	-244.803	106.759	2400	2320	4720
-244.801	106.153	-244.803	106.757	2160	1990	4150
-244.801	106.253	-244.795	106.761	2590	2040	4630
-244.801	106.353	-244.801	106.762	2480	2290	4770
-244.801	106.453	-244.801	106.755	2370	2220	4590
-244.801	106.553	-244.800	106.759	2380	2080	4460
-244.801	106.653	-244.800	106.760	2160	2060	4220
-244.801	106.753	-244.800	106.762	2530	1910	4440
-244.801	106.853	-244.806	106.765	2730	2250	4980
-244.801	106.953	-244.801	106.759	2590	2070	4660
-244.801	107.053	-244.802	106.762	2630	2210	4840
-244.801	107.153	-244.805	106.760	2930	2390	5320
-244.801	107.253	-244.800	106.760	2370	2430	4800
-244.801	107.353	-244.805	106.761	2260	2170	4430
-244.801	107.453	-244.802	106.762	2410	2190	4600
-244.801	107.553	-244.799	106.757	2910	2100	5010
-244.701	103.553	-244.704	106.759	2230	2090	4320
-244.701	103.653	-244.702	106.755	2620	2050	4670
-244.701	103.753	-244.703	106.760	2440	2280	4720
-244.701	103.853	-244.702	106.758	2700	2220	4920
-244.701	103.953	-244.705	106.760	2350	1960	4310
-244.701	104.053	-244.702	106.760	2390	2150	4540
-244.701	104.153	-244.700	106.761	2460	2250	4710
-244.701	104.253	-244.703	106.761	2320	2260	4580
-244.701	104.353	-244.705	106.762	2500	2070	4570
-244.701	104.453	-244.702	106.751	2440	2210	4650
-244.701	104.553	-244.704	106.760	2520	2220	4740
-244.701	104.653	-244.701	106.763	2110	2090	4200
-244.701	104.753	-244.702	106.755	2280	2200	4480
-244.701	104.853	-244.701	106.759	2470	1990	4460
-244.701	104.953	-244.703	106.761	2220	2210	4430
-244.701	105.053	-244.698	106.759	2270	2290	4560
-244.701	105.153	-244.703	106.765	2400	2370	4770
-244.701	105.253	-244.703	106.762	2440	2120	4560
-244.701	105.353	-244.701	106.757	2310	1880	4190
-244.701	105.453	-244.704	106.763	2360	2090	4450
-244.701	105.553	-244.701	106.766	2320	2020	4340
-244.701	105.653	-244.702	106.758	2250	1860	4110
-244.701	105.753	-244.701	106.756	2590	2340	4930
-244.701	105.853	-244.704	106.758	2630	2130	4760
-244.701	105.953	-244.700	106.761	2420	2010	4430
-244.701	106.053	-244.701	106.763	2350	2170	4520
-244.701	106.153	-244.701	106.760	2310	2010	4320
-244.701	106.253	-244.699	106.761	2350	1950	4300
-244.701	106.353	-244.699	106.753	2490	2230	4720
-244.701	106.453	-244.698	106.761	2420	2200	4620
-244.701	106.553	-244.698	106.758	2700	2230	4930
-244.701	106.653	-244.699	106.761	2360	2280	4640
-244.701	106.753	-244.702	106.760	2470	2110	4580
-244.701	106.853	-244.701	106.756	2440	2090	4530
-244.701	106.953	-244.700	106.760	2390	2100	4490
-244.701	107.053	-244.704	106.758	2460	2020	4480
-244.701	107.153	-244.702	106.761	2560	2390	4950
-244.701	107.253	-244.705	106.761	2120	1930	4050
-244.701	107.353	-244.703	106.758	2580	2120	4700
-244.701	107.453	-244.702	106.756	2360	1880	4240
-244.701	107.553	-244.702	106.761	2180	2080	4260
-244.601	103.553	-244.598	106.761	2230	2400	4630
-244.601	103.653	-244.600	106.762	2450	2570	5020
-244.601	103.753	-244.607	106.763	2510	2400	4910
-244.601	103.853	-244.601	106.760	2510	1990	4500
-244.601	103.953	-244.601	106.764	2660	2280	4940
-244.601	104.053	-244.601	106.762	2160	2160	4320
-244.601	104.153	-244.601	106.757	2360	2230	4590
-244.601	104.253	-244.604	106.755	2540	2040	4580
-244.601	104.353	-244.603	106.758	2710	2460	5170
-244.601	104.453	-244.602	106.758	2740	2170	4910
-244.601	104.553	-244.602	106.763	2540	2320	4860
-244.601	104.653	-244.601	106.760	2070	2040	4110
-244.601	104.753	-244.604	106.761	2360	2280	4640
-244.601	104.853	-244.604	106.760	2240	2010	4250
-244.601	104.953	-244.602	106.763	2410	2340	4750
-244.601	105.053	-244.597	106.758	2460	2180	4640
-244.601	105.153	-244.601	106.762	2400	2350	4750
-244.601	105.253	-244.599	106.762	2750	2140	4890
-244.601	105.353	-244.602	106.758	2780	2060	4840
-244.601	105.453	-244.599	106.761	2330	2050	4380
-244.601	105.553	-244.599	106.754	2100	2140	4240
-244.601	105.653	-244.605	106.754	2070	1900	3970
-244.601	105.753	-244.602	106.765	2340	2140	4480
-244.601	105.853	-244.601	106.756	2410	2070	4480
-244.601	105.953	-244.601	106.761	2850	2040	4890
-244.601	106.053	-244.602	106.759	2580	2330	4910
-244.601	106.153	-244.604	106.762	2530	2110	4640
-244.601	106.253	-244.599	106.766	2320	2080	4400
-244.601	106.353	-244.602	106.766	2260	2370	4630
-244.601	106.453	-244.604	106.764	2430	2190	4620
-244.601	106.553	-244.598	106.761	2270	2070	4340
-244.601	106.653	-244.601	106.759	2600	2230	4830
-244.601	106.753	-244.597	106.759	2240	2110	4350
-244.601	106.853	-244.601	106.766	2560	1970	4530
-244.601	106.953	-244.598	106.756	2390	1790	4180
-244.601	107.053	-244.602	106.763	2610	2350	4960
-244.601	107.153	-244.603	106.763	2470	2320	4790
-244.601	107.253	-244.602	106.759	2590	2330	4920
-244.601	107.353	-244.606	106.762	2420	1880	4300
-244.601	107.453	-244.605	106.764	2180	2170	4350
-244.601	107.553	-244.601	106.763	2550	2040	4590
-244.501	103.553	-244.499	106.756	2520	2130	4650
-244.501	103.653	-244.497	106.764	2490	2160	4650
-244.501	103.753	-244.500	106.763	2460	1860	4320
-244.501	103.853	-244.498	106.759	2320	2230	4550
-244.501	103.953	-244.500	106.763	2630	2480	5110
-244.501	104.053	-244.498	106.763	2420	1840	4260
-244.501	104.153	-244.505	106.756	2530	2150	4680
-244.501	104.253	-244.507	106.762	2110	2280	4390
-244.501	104.353	-244.502	106.763	2320	2000	4320
-244.501	104.453	-244.500	106.766	2260	2120	4380
-244.501	104.553	-244.501	106.760	2290	2250	4540
-244.501	104.653	-244.500	106.761	2300	2130	4430
-244.501	104.753	-244.503	106.757	2390	1990	4380
-244.501	104.853	-244.500	106.758	2400	2270	4670
-244.501	104.953	-244.505	106.763	2350	2070	4420
-244.501	105.053	-244.500	106.763	2200	2240	4440
-244.501	105.153	-244.501	106.759	2310	2070	4380
-244.501	105.253	-244.502	106.760	2190	2080	4270
-244.501	105.353	-244.504	106.760	2420	1960	4380
-244.501	105.453	-244.499	106.755	2540	2050	4590
-244.501	105.553	-244.505	106.760	2640	2200	4840
-244.501	105.653	-244.498	106.754	2460	1880	4340
-244.501	105.753	-244.499	106.763	2830	2410	5240
-244.501	105.853	-244.497	106.763	2570	1780	4350
-244.501	105.953	-244.505	106.763	2440	2010	4450
-244.501	106.053	-244.499	106.763	2660	2240	4900
-244.501	106.153	-244.497	106.763	2390	2410	4800
-244.501	106.253	-244.505	106.760	2600	2000	4600
-244.501	106.353	-244.500	106.762	2080	2020	4100
-244.501	106.453	-244.501	106.763	2320	2200	4520
-244.501	106.553	-244.502	106.757	2290	2230	4520
-244.501	106.653	-244.499	106.767	2320	2370	4690
-244.501	106.753	-244.500	106.759	2340	1890	4230
-244.501	106.853	-244.501	106.767	2590	1970	4560
-244.501	106.953	-244.501	106.758	2220	2080	4300
-244.501	107.053	-244.498	106.763	2520	2060	4580
-244.501	107.153	-244.504	106.767	2460	2160	4620
-244.501	107.253	-244.503	106.760	2160	2090	4250
-244.501	107.353	-244.500	106.767	2550	2080	4630
-244.501	107.453	-244.504	106.766	1970	2180	4150
-244.501	107.553	-244.502	106.760	2530	2160	4690
-244.401	103.553	-244.400	106.760	2210	2080	4290
-244.401	103.653	-244.403	106.760	2410	1970	4380
-244.401	103.753	-244.402	106.771	2370	2090	4460
-244.401	103.853	-244.402	106.761	2230	2060	4290
-244.401	103.953	-244.398	106.763	2290	2300	4590
-244.401	104.053	-244.398	106.758	2420	2100	4520
-244.401	104.153	-244.396	106.765	2160	2200	4360
-244.401	104.253	-244.399	106.765	2690	2230	4920
-244.401	104.353	-244.399	106.763	2510	1950	4460
-244.401	104.453	-244.400	106.759	2460	2280	4740
-244.401	104.553	-244.401	106.762	2270	1960	4230
-244.401	104.653	-244.403	106.764	2470	2250	4720
-244.401	104.753	-244.397	106.760	2510	2040	4550
-244.401	104.853	-244.396	106.763	2410	2220	4630
-244.401	104.953	-244.396	106.763	2370	2170	4540
-244.401	105.053	-244.401	106.765	2180	1960	4140
-244.401	105.153	-244.394	106.759	2540	2050	4590
-244.401	105.253	-244.401	106.761	2310	2080	4390
-244.401	105.353	-244.399	106.761	2390	2060	4450
-244.401	105.453	-244.402	106.762	2460	2260	4720
-244.401	105.553	-244.401	106.765	2620	2400	5020
-244.401	105.653	-244.400	106.758	2300	2270	4570
-244.401	105.753	-244.402	106.757	2210	2160	4370
-244.401	105.853	-244.398	106.759	2660	2040	4700
-244.401	105.953	-244.402	106.757	2400	2470	4870
-244.401	106.053	-244.402	106.762	2430	2230	4660
-244.401	106.153	-244.405	106.762	2400	1970	4370
-244.401	106.253	-244.402	106.762	2330	2290	4620
-244.401	106.353	-244.400	106.764	2210	1970	4180
-244.401	106.453	-244.398	106.763	2230	2180	4410
-244.401	106.553	-244.400	106.761	2460	1990	4450
-244.401	106.653	-244.400	106.765	2770	2330	5100
-244.401	106.753	-244.400	106.761	2440	2230	4670
-244.401	106.853	-244.398	106.766	2160	2180	4340
-244.401	106.953	-244.402	106.763	2300	2330	4630
-244.401	107.053	-244.399	106.765	2510	2060	4570
-244.401	107.153	-244.398	106.765	2400	2170	4570
-244.401	107.253	-244.400	106.763	2210	2160	4370
-244.401	107.353	-244.400	106.763	2350	1850	4200
-244.401	107.453	-244.398	106.763	2650	2330	4980
-244.401	107.553	-244.403	106.758	2620	2000	4620
-244.301	103.553	-244.302	106.763	2640	2150	4790
-244.301	103.653	-244.302	106.757	2600	1920	4520
-244.301	103.753	-244.301	106.761	2370	2300	4670
-244.301	103.853	-244.301	106.761	2350	2120	4470
-244.301	103.953	-244.297	106.762	1810	1820	3630
-244.301	104.053	-244.301	106.760	2330	2200	4530
-244.301	104.153	-244.300	106.758	2750	2270	5020
-244.301	104.253	-244.303	106.761	2680	2160	4840
-244.301	104.353	-244.294	106.767	2260	1960	4220
-244.301	104.453	-244.300	106.767	2570	2080	4650
-244.301	104.553	-244.298	106.762	2460	2300	4760
-244.301	104.653	-244.301	106.761	2470	2140	4610
-244.301	104.753	-244.302	106.764	2350	2250	4600
-244.301	104.853	-244.301	106.764	2520	2040	4560
-244.301	104.953	-244.301	106.759	2270	2150	4420
-244.301	105.053	-244.300	106.763	2340	2410	4750
-244.301	105.153	-244.301	106.761	2330	2240	4570
-244.301	105.253	-244.304	106.762	2260	2290	4550
-244.301	105.353	-244.298	106.763	2260	1980	4240
-244.301	105.453	-244.302	106.760	2390	2090	4480
-244.301	105.553	-244.300	106.762	2320	2340	4660
-244.301	105.653	-244.298	106.763	2390	1990	4380
-244.301	105.753	-244.303	106.765	2370	2000	4370
-244.301	105.853	-244.300	106.765	2160	1700	3860
-244.301	105.953	-244.301	106.762	2440	2300	4740
-244.301	106.053	-244.299	106.760	2120	2140	4260
-244.301	106.153	-244.297	106.764	2650	2120	4770
-244.301	106.253	-244.300	106.762	2590	2080	4670
-244.301	106.353	-244.299	106.763	2680	2060	4740
-244.301	106.453	-244.304	106.766	2360	2210	4570
-244.301	106.553	-244.306	106.762	2400	1970	4370
-244.301	106.653	-244.299	106.759	2330	2310	4640
-244.301	106.753	-244.304	106.763	2380	1840	4220
-244.301	106.853	-244.303	106.765	2310	2010	4320
-244.301	106.953	-244.297	106.761	2440	2080	4520
-244.301	107.053	-244.301	106.760	2290	2030	4320
-244.301	107.153	-244.301	106.771	2480	2250	4730
-244.301	107.253	-244.305	106.763	2300	2430	4730
-244.301	107.353	-244.306	106.763	2490	2000	4490
-244.301	107.453	-244.302	106.763	2780	2240	5020
-244.301	107.553	-244.299	106.766	2400	2190	4590
-244.201	103.553	-244.202	106.762	2390	2260	4650
-244.201	103.653	-244.198	106.764	2410	2230	4640
-244.201	103.753	-244.200	106.759	2490	1840	4330
-244.201	103.853	-244.198	106.757	2420	2260	4680
-244.201	103.953	-244.201	106.761	2410	2020	4430
-244.201	104.053	-244.198	106.761	2630	2320	4950
-244.201	104.153	-244.199	106.758	2400	2710	5110
-244.201	104.253	-244.207	106.757	2440	1950	4390
-244.201	104.353	-244.200	106.759	2220	1970	4190
-244.201	104.453	-244.199	106.760	2020	1980	4000
-244.201	104.553	-244.204	106.766	2350	2220	4570
-244.201	104.653	-244.199	106.763	2100	1880	3980
-244.201	104.753	-244.201	106.759	2680	1900	4580
-244.201	104.853	-244.198	106.763	2440	1980	4420
-244.201	104.953	-244.197	106.763	2560	2230	4790
-244.201	105.053	-244.202	106.759	2330	2350	4680
-244.201	105.153	-244.202	106.759	2560	2120	4680
-244.201	105.253	-244.201	106.759	2690	2060	4750
-244.201	105.353	-244.201	106.764	2230	2320	4550
-244.201	105.453	-244.201	106.763	2190	2390	4580
-244.201	105.553	-244.205	106.761	2490	2240	4730
-244.201	105.653	-244.200	106.763	2460	2050	4510
-244.201	105.753	-244.201	106.760	2370	2250	4620
-244.201	105.853	-244.203	106.764	2240	2540	4780
-244.201	105.953	-244.200	106.762	2350	2110	4460
-244.201	106.053	-244.199	106.764	2540	2160	4700
-244.201	106.153	-244.201	106.763	2600	2240	4840
-244.201	106.253	-244.200	106.765	2280	1930	4210
-244.201	106.353	-244.199	106.761	2450	1940	4390
-244.201	106.453	-244.201	106.768	2050	2130	4180
-244.201	106.553	-244.203	106.756	2410	2150	4560
-244.201	106.653	-244.202	106.762	2250	2100	4350
-244.201	106.753	-244.206	106.764	2300	2180	4480
-244.201	106.853	-244.203	106.760	2630	2000	4630
-244.201	106.953	-244.200	106.766	2450	2070	4520
-244.201	107.053	-244.197	106.770	2310	2510	4820
-244.201	107.153	-244.199	106.765	2390	2130	4520
-244.201	107.253	-244.199	106.758	2490	2010	4500
-244.201	107.353	-244.200	106.763	2120	2220	4340
-244.201	107.453	-244.201	106.764	2290	1960	4250
-244.201	107.553	-244.201	106.764	2400	1960	4360
-244.101	103.553	-244.097	106.763	2060	2180	4240
-244.101	103.653	-244.105	106.764	2280	1850	4130
-244.101	103.753	-244.095	106.766	2060	2280	4340
-244.101	103.853	-244.103	106.766	2280	2260	4540
-244.101	103.953	-244.102	106.759	2070	2120	4190
-244.101	104.053	-244.102	106.764	2160	2280	4440
-244.101	104.153	-244.097	106.765	2570	2200	4770
-244.101	104.253	-244.104	106.761	2640	2280	4920
-244.101	104.353	-244.099	106.763	2400	2220	4620
-244.101	104.453	-244.099	106.765	2380	2360	4740
-244.101	104.553	-244.102	106.768	2250	2080	4330
-244.101	104.653	-244.102	106.764	2610	2060	4670
-244.101	104.753	-244.099	106.765	2670	2130	4800
-244.101	104.853	-244.103	106.765	2550	1950	4500
-244.101	104.953	-244.100	106.768	2410	2460	4870
-244.101	105.053	-244.102	106.761	2210	2140	4350
-244.101	105.153	-244.099	106.769	2470	2370	4840
-244.101	105.253	-244.103	106.760	2340	2020	4360
-244.101	105.353	-244.103	106.769	2580	2080	4660
-244.101	105.453	-244.109	106.761	2540	2140	4680
-244.101	105.553	-244.102	106.766	2670	2410	5080
-244.101	105.653	-244.103	106.765	2330	2200	4530
-244.101	105.753	-244.101	106.764	2160	2090	4250
-244.101	105.853	-244.102	106.766	2520	1930	4450
-244.101	105.953	-244.102	106.761	2190	2200	4390
-244.101	106.053	-244.096	106.759	2350	2190	4540
-244.101	106.153	-244.100	106.762	2480	1970	4450
-244.101	106.253	-244.103	106.765	2330	2010	4340
-244.101	106.353	-244.102	106.767	3060	2280	5340
-244.101	106.453	-244.105	106.767	2520	2090	4610
-244.101	106.553	-244.095	106.766	2540	2020	4560
-244.101	106.653	-244.100	106.762	2520	2080	4600
-244.101	106.753	-244.099	106.760	2400	2060	4460
-244.101	106.853	-244.101	106.765	2600	2380	4980
-244.101	106.953	-244.099	106.763	2560	2220	4780
-244.101	107.053	-244.102	106.764	2660	2060	4720
-244.101	107.153	-244.095	106.766	2420	2020	4440
-244.101	107.253	-244.097	106.757	2680	1990	4670
-244.101	107.353	-244.099	106.765	2340	2100	4440
-244.101	107.453	-244.101	106.766	2600	2190	4790
-244.101	107.553	-244.102	106.760	2770	2260	5030
-244.001	103.553	-243.998	106.759	2430	2240	4670
-244.001	103.653	-244.001	106.766	2650	2190	4840
-244.001	103.753	-243.999	106.760	2470	2040	4510
-244.001	103.853	-244.001	106.759	2530	2090	4620
-244.001	103.953	-244.005	106.763	2510	2080	4590
-244.001	104.053	-244.001	106.761	2450	2050	4500
-244.001	104.153	-244.005	106.766	2530	2250	4780
-244.001	104.253	-244.001	106.765	2450	2220	4670
-244.001	104.353	-243.999	106.763	2230	2200	4430
-244.001	104.453	-243.998	106.765	2220	2030	4250
-244.001	104.553	-244.002	106.765	2520	2020	4540
-244.001	104.653	-243.999	106.759	2340	2010	4350
-244.001	104.753	-243.999	106.757	2620	2320	4940
-244.001	104.853	-243.998	106.766	2310	1800	4110
-244.001	104.953	-244.002	106.764	2440	2060	4500
-244.001	105.053	-244.000	106.766	2410	2170	4580
-244.001	105.153	-244.002	106.765	2260	2290	4550
-244.001	105.253	-244.000	106.765	2260	2170	4430
-244.001	105.353	-244.003	106.767	2630	2120	4750
-244.001	105.453	-244.001	106.762	2440	2080	4520
-244.001	105.553	-244.003	106.763	2180	1930	4110
-244.001	105.653	-244.003	106.769	2310	1790	4100
-244.001	105.753	-243.999	106.770	2610	1980	4590
-244.001	105.853	-244.000	106.768	2410	2150	4560
-244.001	105.953	-244.003	106.766	2280	1800	4080
-244.001	106.053	-244.001	106.768	2650	2240	4890
-244.001	106.153	-243.999	106.759	2140	2290	4430
-244.001	106.253	-244.005	106.761	2540	2090	4630
-244.001	106.353	-243.997	106.763	2310	2150	4460
-244.001	106.453	-244.000	106.767	1950	2080	4030
-244.001	106.553	-244.002	106.767	2160	2190	4350
-244.001	106.653	-243.999	106.762	2230	2170	4400
-244.001	106.753	-243.998	106.766	2330	2160	4490
-244.001	106.853	-244.002	106.762	1850	1920	3770
-244.001	106.953	-244.000	106.767	2180	1770	3950
-244.001	107.053	-244.001	106.767	2450	2290	4740
-244.001	107.153	-244.002	106.767	2480	1870	4350
-244.001	107.253	-244.000	106.768	2300	2350	4650
-244.001	107.353	-243.998	106.764	2110	1890	4000
-244.001	107.453	-243.999	106.764	2140	2190	4330
-244.001	107.553	-244.003	106.763	2430	2160	4590
-243.901	103.553	-243.902	106.762	2230	2290	4520
-243.901	103.653	-243.900	106.763	2170	2210	4380
-243.901	103.753	-243.897	106.760	2430	1920	4350
-243.901	103.853	-243.901	106.765	2380	1970	4350
-243.901	103.953	-243.899	106.764	2580	2300	4880
-243.901	104.053	-243.903	106.767	2350	2170	4520
-243.901	104.153	-243.897	106.764	2490	2020	4510
-243.901	104.253	-243.903	106.769	2380	1910	4290
-243.901	104.353	-243.899	106.768	2410	1850	4260
-243.901	104.453	-243.898	106.765	2320	2170	4490
-243.901	104.553	-243.900	106.763	2490	2130	4620
-243.901	104.653	-243.903	106.767	2230	2000	4230
-243.901	104.753	-243.901	106.766	2380	2090	4470
-243.901	104.853	-243.896	106.763	2260	2220	4480
-243.901	104.953	-243.903	106.765	2480	1970	4450
-243.901	105.053	-243.900	106.766	2090	2010	4100
-243.901	105.153	-243.903	106.762	2420	1950	4370
-243.901	105.253	-243.900	106.766	2150	1910	4060
-243.901	105.353	-243.904	106.765	2400	1870	4270
-243.901	105.453	-243.899	106.761	2420	2090	4510
-243.901	105.553	-243.900	106.762	2300	2090	4390
-243.901	105.653	-243.904	106.763	1990	2090	4080
-243.901	105.753	-243.900	106.761	2120	1980	4100
-243.901	105.853	-243.901	106.761	2250	2330	4580
-243.901	105.953	-243.899	106.768	2120	1970	4090
-243.901	106.053	-243.896	106.767	2380	2260	4640
-243.901	106.153	-243.896	106.766	2500	2290	4790
-243.901	106.253	-243.903	106.764	2390	2130	4520
-243.901	106.353	-243.901	106.766	2350	2270	4620
-243.901	106.453	-243.900	106.767	2170	2130	4300
-243.901	106.553	-243.899	106.761	2700	1920	4620
-243.901	106.653	-243.902	106.758	2440	2180	4620
-243.901	106.753	-243.896	106.762	2480	2440	4920
-243.901	106.853	-243.900	106.766	2540	1910	4450
-243.901	106.953	-243.902	106.764	2400	1850	4250
-243.901	107.053	-243.898	106.768	2410	2160	4570
-243.901	107.153	-243.905	106.767	2160	2040	4200
-243.901	107.253	-243.899	106.764	2360	2350	4710
-243.901	107.353	-243.904	106.769	2390	1800	4190
-243.901	107.453	-243.899	106.762	2330	2210	4540
-243.901	107.553	-243.898	106.768	2560	1820	4380
-243.801	103.553	-243.800	106.761	2090	2300	4390
-243.801	103.653	-243.802	106.767	2240	2030	4270
-243.801	103.753	-243.800	106.767	2410	2000	4410
-243.801	103.853	-243.801	106.766	2450	2120	4570
-243.801	103.953	-243.800	106.767	2750	2060	4810
-243.801	104.053	-243.803	106.761	2260	2130	4390
-243.801	104.153	-243.799	106.768	2370	2290	4660
-243.801	104.253	-243.797	106.763	2620	1990	4610
-243.801	104.353	-243.800	106.764	2480	2110	4590
-243.801	104.453	-243.801	106.765	2710	1940	4650
-243.801	104.553	-243.801	106.764	2640	1900	4540
-243.801	104.653	-243.803	106.764	2240	2120	4360
-243.801	104.753	-243.802	106.757	2400	2410	4810
-243.801	104.853	-243.808	106.768	2380	2070	4450
-243.801	104.953	-243.805	106.771	2420	2280	4700
-243.801	105.053	-243.803	106.762	2710	2150	4860
-243.801	105.153	-243.800	106.760	2560	2280	4840
-243.801	105.253	-243.800	106.764	2480	1950	4430
-243.801	105.353	-243.800	106.762	2660	2130	4790
-243.801	105.453	-243.802	106.759	2500	1970	4470
-243.801	105.553	-243.801	106.770	2500	2080	4580
-243.801	105.653	-243.799	106.763	2510	2000	4510
-243.801	105.753	-243.801	106.765	2510	2070	4580
-243.801	105.853	-243.802	106.761	2460	2240	4700
-243.801	105.953	-243.795	106.763	2940	2290	5230
-243.801	106.053	-243.797	106.770	2590	2070	4660
-243.801	106.153	-243.799	106.767	2230	2110	4340
-243.801	106.253	-243.802	106.763	2280	2060	4340
-243.801	106.353	-243.806	106.766	2520	2000	4520
-243.801	106.453	-243.794	106.765	2380	1940	4320
-243.801	106.553	-243.801	106.768	2410	2080	4490
-243.801	106.653	-243.802	106.763	2320	2380	4700
-243.801	106.753	-243.800	106.763	2280	2100	4380
-243.801	106.853	-243.798	106.764	2540	2070	4610
-243.801	106.953	-243.801	106.765	2310	2140	4450
-243.801	107.053	-243.799	106.768	2440	1730	4170
-243.801	107.153	-243.800	106.765	2010	2140	4150
-243.801	107.253	-243.805	106.768	2430	1970	4400
-243.801	107.353	-243.798	106.765	2370	2060	4430
-243.801	107.453	-243.799	106.763	2370	1880	4250
-243.801	107.553	-243.799	106.760	2460	2320	4780
-243.701	103.553	-243.701	106.765	2200	2410	4610
-243.701	103.653	-243.697	106.761	2230	2320	4550
-243.701	103.753	-243.704	106.769	2390	2130	4520
-243.701	103.853	-243.703	106.766	2420	2140	4560
-243.701	103.953	-243.700	106.767	2410	2190	4600
-243.701	104.053	-243.702	106.764	2580	2190	4770
-243.701	104.153	-243.701	106.763	2300	2340	4640
-243.701	104.253	-243.705	106.766	2600	1960	4560
-243.701	104.353	-243.696	106.759	2300	2440	4740
-243.701	104.453	-243.698	106.763	2250	2160	4410
-243.701	104.553	-243.695	106.758	2580	2200	4780
-243.701	104.653	-243.704	106.764	2560	2080	4640
-243.701	104.753	-243.703	106.766	2130	2440	4570
-243.701	104.853	-243.699	106.759	2280	2040	4320
-243.701	104.953	-243.700	106.762	2500	2390	4890
-243.701	105.053	-243.704	106.766	2060	2130	4190
-243.701	105.153	-243.698	106.762	2410	2310	4720
-243.701	105.253	-243.696	106.768	2370	1930	4300
-243.701	105.353	-243.703	106.766	2510	2080	4590
-243.701	105.453	-243.699	106.761	2450	2320	4770
-243.701	105.553	-243.706	106.768	2290	2120	4410
-243.701	105.653	-243.708	106.762	2360	2080	4440
-243.701	105.753	-243.705	106.761	2350	2180	4530
-243.701	105.853	-243.704	106.765	2290	2010	4300
-243.701	105.953	-243.701	106.767	2490	2160	4650
-243.701	106.053	-243.699	106.764	2120	2150	4270
-243.701	106.153	-243.698	106.762	2580	2090	4670
-243.701	106.253	-243.703	106.766	2470	2180	4650
-243.701	106.353	-243.701	106.765	2440	2040	4480
-243.701	106.453	-243.698	106.764	2540	2160	4700
-243.701	106.553	-243.701	106.763	2440	2050	4490
-243.701	106.653	-243.699	106.762	2630	2020	4650
-243.701	106.753	-243.706	106.758	2410	2430	4840
-243.701	106.853	-243.704	106.764	2390	2010	4400
-243.701	106.953	-243.701	106.769	2580	1990	4570
-243.701	107.053	-243.702	106.767	2420	2040	4460
-243.701	107.153	-243.700	106.763	2320	2060	4380
-243.701	107.253	-243.700	106.761	2370	2410	4780
-243.701	107.353	-243.703	106.767	2180	2170	4350
-243.701	107.453	-243.700	106.768	2410	1730	4140
-243.701	107.553	-243.704	106.769	2620	1850	4470
-243.601	103.553	-243.599	106.763	2640	2530	5170
-243.601	103.653	-243.601	106.767	2420	2140	4560
-243.601	103.753	-243.601	106.761	2350	2270	4620
-243.601	103.853	-243.603	106.766	2550	2040	4590
-243.601	103.953	-243.599	106.764	2390	1950	4340
-243.601	104.053	-243.595	106.764	2650	2130	4780
-243.601	104.153	-243.605	106.765	2420	2140	4560
-243.601	104.253	-243.604	106.764	2570	1990	4560
-243.601	104.353	-243.597	106.764	2430	2270	4700
-243.601	104.453	-243.604	106.766	2270	2180	4450
-243.601	104.553	-243.606	106.763	2300	1970	4270
-243.601	104.653	-243.601	106.768	2300	1980	4280
-243.601	104.753	-243.601	106.763	2470	2240	4710
-243.601	104.853	-243.602	106.764	2550	2170	4720
-243.601	104.953	-243.599	106.763	2320	2250	4570
-243.601	105.053	-243.604	106.765	2500	1880	4380
-243.601	105.153	-243.600	106.764	2260	2300	4560
-243.601	105.253	-243.600	106.765	2460	2190	4650
-243.601	105.353	-243.601	106.761	2380	2020	4400
-243.601	105.453	-243.601	106.768	2650	2150	4800
-243.601	105.553	-243.602	106.765	2480	2260	4740
-243.601	105.653	-243.600	106.761	2360	2300	4660
-243.601	105.753	-243.605	106.765	2420	2260	4680
-243.601	105.853	-243.595	106.764	2500	2030	4530
-243.601	105.953	-243.607	106.768	2250	2110	4360
-243.601	106.053	-243.593	106.767	2190	2320	4510
-243.601	106.153	-243.601	106.766	2280	2390	4670
-243.601	106.253	-243.600	106.762	2260	1950	4210
-243.601	106.353	-243.601	106.764	2220	2170	4390
-243.601	106.453	-243.604	106.767	2390	2070	4460
-243.601	106.553	-243.601	106.765	2410	2090	4500
-243.601	106.653	-243.597	106.764	2550	2000	4550
-243.601	106.753	-243.602	106.767	2480	2450	4930
-243.601	106.853	-243.604	106.763	2290	2140	4430
-243.601	106.953	-243.603	106.761	2320	2350	4670
-243.601	107.053	-243.597	106.760	2250	2050	4300
-243.601	107.153	-243.598	106.768	2050	1960	4010
-243.601	107.253	-243.603	106.765	2360	1860	4220
-243.601	107.353	-243.598	106.764	2470	2080	4550
-243.601	107.453	-243.600	106.764	2310	2150	4460
-243.601	107.553	-243.599	106.762	2370	2300	4670
